;; ;;;;;;;;;;;;;;;;;;;;;;;;;;;;;;;;;;;;
;; ; This transcript is created by Ehsan Kourkchi
;; ; to test the code "ehsan20.8puzzle.v03.lisp"
;; ; To do the Assignment 3 ---  ICS361
;; ; Computer Science, University of Hawaii
;; ; October 15 2015
;; ; Email: ekourkchi@gmail.com
;; ;;;;;;;;;;;;;;;;;;;;;;;;;;;;;;;;;;;;

 The heuristic functions is the sum of Manhattan distances of the tiles that are out of place
 for their goal position
 
 lisp > (load "ehsan20.8puzzle.v03.lisp")


--------------------------------------------------------------------------
---- EASY ----  EASY ----  EASY ----  EASY ----  EASY ----  EASY ---- 
--------------------------------------------------------------------------

  2 8 3            1 2 3
  1 6 4     -->    8   4     (5 moves)(closed 6)(open 6)
  7   5            7 6 5
 
 ; in the following command, '6' is the depth limit for the search
 Lisp > (start-best-manhattan 6 '((2 8 3)(1 6 4)(7 0 5)) '((1 2 3)(8 0 4)(7 6 5)))
  
  first node on open = (((2 8 3) (1 6 4) (7 0 5)) NIL 0 6)
  first node on open = (((2 8 3) (1 0 4) (7 6 5)) ((2 8 3) (1 6 4) (7 0 5)) 1 5)
  first node on open = (((2 0 3) (1 8 4) (7 6 5)) ((2 8 3) (1 0 4) (7 6 5)) 2 6)
  first node on open = (((0 2 3) (1 8 4) (7 6 5)) ((2 0 3) (1 8 4) (7 6 5)) 3 7)
  first node on open = (((1 2 3) (0 8 4) (7 6 5)) ((0 2 3) (1 8 4) (7 6 5)) 4 6)
  first node on open = (((1 2 3) (8 0 4) (7 6 5)) ((1 2 3) (0 8 4) (7 6 5)) 5 5)

  length of closed = 6
  length of open = 6

  # of moves = 5
  solution path = 
  (((2 8 3) (1 6 4) (7 0 5)) ((2 8 3) (1 0 4) (7 6 5)) ((2 0 3) (1 8 4) (7 6 5)) ((0 2 3) (1 8 4) (7 6 5)) ((1 2 3) (0 8 4) (7 6 5))
  ((1 2 3) (8 0 4) (7 6 5)))
  T


  
--------------------------------------------------------------------------
---- EASY ----  EASY ----  EASY ----  EASY ----  EASY ----  EASY ---- 
--------------------------------------------------------------------------
  1 3 4            1 2 3
  8   5     -->    8   4     (6 moves)(closed 7)(open 6)
  7 2 6            7 6 5

 ; in the following command, '20' is the depth limit for the search
 Lisp > (start-best-manhattan  20 '((1 3 4)(8 0 5)(7 2 6)) '((1 2 3)(8 0 4)(7 6 5)))

  first node on open = (((1 3 4) (8 0 5) (7 2 6)) NIL 0 6)
  first node on open = (((1 3 4) (8 2 5) (7 0 6)) ((1 3 4) (8 0 5) (7 2 6)) 1 7)
  first node on open = (((1 3 4) (8 2 5) (7 6 0)) ((1 3 4) (8 2 5) (7 0 6)) 2 8)
  first node on open = (((1 3 4) (8 2 0) (7 6 5)) ((1 3 4) (8 2 5) (7 6 0)) 3 7)
  first node on open = (((1 3 0) (8 2 4) (7 6 5)) ((1 3 4) (8 2 0) (7 6 5)) 4 8)
  first node on open = (((1 0 3) (8 2 4) (7 6 5)) ((1 3 0) (8 2 4) (7 6 5)) 5 7)
  first node on open = (((1 2 3) (8 0 4) (7 6 5)) ((1 0 3) (8 2 4) (7 6 5)) 6 6)

  length of closed = 7
  length of open = 6

  # of moves = 6
  solution path = 
  (((1 3 4) (8 0 5) (7 2 6)) ((1 3 4) (8 2 5) (7 0 6)) ((1 3 4) (8 2 5) (7 6 0)) ((1 3 4) (8 2 0) (7 6 5)) ((1 3 0) (8 2 4) (7 6 5))
  ((1 0 3) (8 2 4) (7 6 5)) ((1 2 3) (8 0 4) (7 6 5)))
  T

--------------------------------------------------------------------------
---- MEDIUM ---- MEDIUM ---- MEDIUM ----  ---- MEDIUM ----  ---- MEDIUM --
--------------------------------------------------------------------------

  1 2 3            2 8 1
  8   4     -->      4 3     (9 moves)(closed 23)(open 19)
  7 6 5            7 6 5 

 
 Lisp > (start-best-manhattan  20 '((1 2 3)(8 0 4)(7 6 5)) '((2 8 1)(0 4 3)(7 6 5)))

  first node on open = (((1 2 3) (8 0 4) (7 6 5)) NIL 0 8)
  first node on open = (((1 2 3) (0 8 4) (7 6 5)) ((1 2 3) (8 0 4) (7 6 5)) 1 7)
  first node on open = (((1 2 3) (8 4 0) (7 6 5)) ((1 2 3) (8 0 4) (7 6 5)) 1 9)
  first node on open = (((1 2 0) (8 4 3) (7 6 5)) ((1 2 3) (8 4 0) (7 6 5)) 2 10)
  first node on open = (((1 2 3) (7 8 4) (0 6 5)) ((1 2 3) (0 8 4) (7 6 5)) 2 10)
  first node on open = (((0 2 3) (1 8 4) (7 6 5)) ((1 2 3) (0 8 4) (7 6 5)) 2 10)
  first node on open = (((2 0 3) (1 8 4) (7 6 5)) ((0 2 3) (1 8 4) (7 6 5)) 3 11)
  first node on open = (((2 8 3) (1 0 4) (7 6 5)) ((2 0 3) (1 8 4) (7 6 5)) 4 10)
  first node on open = (((2 8 3) (0 1 4) (7 6 5)) ((2 8 3) (1 0 4) (7 6 5)) 5 9)
  first node on open = (((2 8 3) (1 4 0) (7 6 5)) ((2 8 3) (1 0 4) (7 6 5)) 5 11)
  first node on open = (((1 0 2) (8 4 3) (7 6 5)) ((1 2 0) (8 4 3) (7 6 5)) 3 11)
  first node on open = (((0 1 2) (8 4 3) (7 6 5)) ((1 0 2) (8 4 3) (7 6 5)) 4 10)
  first node on open = (((8 1 2) (0 4 3) (7 6 5)) ((0 1 2) (8 4 3) (7 6 5)) 5 9)
  first node on open = (((1 2 3) (8 6 4) (7 0 5)) ((1 2 3) (8 0 4) (7 6 5)) 1 11)
  first node on open = (((1 0 3) (8 2 4) (7 6 5)) ((1 2 3) (8 0 4) (7 6 5)) 1 11)
  first node on open = (((0 1 3) (8 2 4) (7 6 5)) ((1 0 3) (8 2 4) (7 6 5)) 2 10)
  first node on open = (((8 1 3) (0 2 4) (7 6 5)) ((0 1 3) (8 2 4) (7 6 5)) 3 9)
  first node on open = (((8 1 3) (2 0 4) (7 6 5)) ((8 1 3) (0 2 4) (7 6 5)) 4 10)
  first node on open = (((8 1 3) (2 4 0) (7 6 5)) ((8 1 3) (2 0 4) (7 6 5)) 5 11)
  first node on open = (((8 1 0) (2 4 3) (7 6 5)) ((8 1 3) (2 4 0) (7 6 5)) 6 12)
  first node on open = (((8 0 1) (2 4 3) (7 6 5)) ((8 1 0) (2 4 3) (7 6 5)) 7 11)
  first node on open = (((0 8 1) (2 4 3) (7 6 5)) ((8 0 1) (2 4 3) (7 6 5)) 8 10)
  first node on open = (((2 8 1) (0 4 3) (7 6 5)) ((0 8 1) (2 4 3) (7 6 5)) 9 9)

  length of closed = 23
  length of open = 19

  # of moves = 9
  solution path = 
  (((1 2 3) (8 0 4) (7 6 5)) ((1 0 3) (8 2 4) (7 6 5)) ((0 1 3) (8 2 4) (7 6 5)) ((8 1 3) (0 2 4) (7 6 5)) ((8 1 3) (2 0 4) (7 6 5))
  ((8 1 3) (2 4 0) (7 6 5)) ((8 1 0) (2 4 3) (7 6 5)) ((8 0 1) (2 4 3) (7 6 5)) ((0 8 1) (2 4 3) (7 6 5)) ((2 8 1) (0 4 3) (7 6 5)))
  T

--------------------------------------------------------------------------
---- HARD ----  HARD ---- HARD ---- HARD ---- HARD ---- HARD ---- HARD ---
--------------------------------------------------------------------------

NOTE: The following puzzle is unsolvable using depth-first or breadth-first search
in my lisp. It hits the limit of the stack, and I get "Lisp stack overflow. RESET" error.

  1 2 3            1 2 3
  4 5 6     -->    4 5 6     (12 moves)(closed 45)(open 35)
  6 7              7 8 

 Lisp > (start-best-manhattan  20 '((1 2 3)(4 5 8)(6 7 0)) '((1 2 3)(4 5 6)(7 8 0)))

  first node on open = (((1 2 3) (4 5 8) (6 7 0)) NIL 0 6)
  first node on open = (((1 2 3) (4 5 0) (6 7 8)) ((1 2 3) (4 5 8) (6 7 0)) 1 7)
  first node on open = (((1 2 3) (4 5 8) (6 0 7)) ((1 2 3) (4 5 8) (6 7 0)) 1 9)
  first node on open = (((1 2 3) (4 5 8) (0 6 7)) ((1 2 3) (4 5 8) (6 0 7)) 2 10)
  first node on open = (((1 2 0) (4 5 3) (6 7 8)) ((1 2 3) (4 5 0) (6 7 8)) 2 10)
  first node on open = (((1 2 3) (4 0 5) (6 7 8)) ((1 2 3) (4 5 0) (6 7 8)) 2 10)
  first node on open = (((1 2 3) (4 7 5) (6 0 8)) ((1 2 3) (4 0 5) (6 7 8)) 3 11)
  first node on open = (((1 2 3) (4 7 5) (6 8 0)) ((1 2 3) (4 7 5) (6 0 8)) 4 10)
  first node on open = (((1 2 3) (4 7 5) (0 6 8)) ((1 2 3) (4 7 5) (6 0 8)) 4 12)
  first node on open = (((1 2 3) (4 0 8) (6 5 7)) ((1 2 3) (4 5 8) (6 0 7)) 2 12)
  first node on open = (((1 2 3) (4 8 0) (6 5 7)) ((1 2 3) (4 0 8) (6 5 7)) 3 11)
  first node on open = (((1 2 3) (4 8 7) (6 5 0)) ((1 2 3) (4 8 0) (6 5 7)) 4 12)
  first node on open = (((1 2 3) (4 7 0) (6 8 5)) ((1 2 3) (4 7 5) (6 8 0)) 5 13)
  first node on open = (((1 0 3) (4 2 5) (6 7 8)) ((1 2 3) (4 0 5) (6 7 8)) 3 13)
  first node on open = (((1 2 3) (0 4 5) (6 7 8)) ((1 2 3) (4 0 5) (6 7 8)) 3 13)
  first node on open = (((1 2 3) (6 4 5) (0 7 8)) ((1 2 3) (0 4 5) (6 7 8)) 4 12)
  first node on open = (((1 2 3) (6 4 5) (7 0 8)) ((1 2 3) (6 4 5) (0 7 8)) 5 11)
  first node on open = (((1 2 3) (6 4 5) (7 8 0)) ((1 2 3) (6 4 5) (7 0 8)) 6 10)
  first node on open = (((1 2 3) (6 4 0) (7 8 5)) ((1 2 3) (6 4 5) (7 8 0)) 7 13)
  first node on open = (((1 0 2) (4 5 3) (6 7 8)) ((1 2 0) (4 5 3) (6 7 8)) 3 13)
  first node on open = (((1 2 3) (0 5 8) (4 6 7)) ((1 2 3) (4 5 8) (0 6 7)) 3 13)
  first node on open = (((1 2 3) (5 0 8) (4 6 7)) ((1 2 3) (0 5 8) (4 6 7)) 4 14)
  first node on open = (((1 2 3) (5 6 8) (4 0 7)) ((1 2 3) (5 0 8) (4 6 7)) 5 13)
  first node on open = (((1 2 3) (5 6 8) (4 7 0)) ((1 2 3) (5 6 8) (4 0 7)) 6 12)
  first node on open = (((1 2 3) (5 6 0) (4 7 8)) ((1 2 3) (5 6 8) (4 7 0)) 7 13)
  first node on open = (((1 2 3) (5 8 0) (4 6 7)) ((1 2 3) (5 0 8) (4 6 7)) 5 13)
  first node on open = (((1 2 3) (5 8 7) (4 6 0)) ((1 2 3) (5 8 0) (4 6 7)) 6 14)
  first node on open = (((1 2 3) (5 0 6) (4 7 8)) ((1 2 3) (5 6 0) (4 7 8)) 8 14)
  first node on open = (((1 5 2) (4 0 3) (6 7 8)) ((1 0 2) (4 5 3) (6 7 8)) 4 14)
  first node on open = (((1 2 3) (6 0 5) (7 4 8)) ((1 2 3) (6 4 5) (7 0 8)) 6 14)
  first node on open = (((1 2 3) (6 5 0) (7 4 8)) ((1 2 3) (6 0 5) (7 4 8)) 7 13)
  first node on open = (((1 2 3) (6 5 8) (7 4 0)) ((1 2 3) (6 5 0) (7 4 8)) 8 14)
  first node on open = (((1 3 0) (4 2 5) (6 7 8)) ((1 0 3) (4 2 5) (6 7 8)) 4 14)
  first node on open = (((1 2 0) (4 8 3) (6 5 7)) ((1 2 3) (4 8 0) (6 5 7)) 4 14)
  first node on open = (((1 3 5) (4 2 0) (6 7 8)) ((1 3 0) (4 2 5) (6 7 8)) 5 15)
  first node on open = (((1 2 3) (0 6 5) (7 4 8)) ((1 2 3) (6 0 5) (7 4 8)) 7 15)
  first node on open = (((1 5 2) (4 7 3) (6 0 8)) ((1 5 2) (4 0 3) (6 7 8)) 5 15)
  first node on open = (((1 5 2) (4 7 3) (6 8 0)) ((1 5 2) (4 7 3) (6 0 8)) 6 14)
  first node on open = (((1 5 2) (4 3 0) (6 7 8)) ((1 5 2) (4 0 3) (6 7 8)) 5 15)
  first node on open = (((1 2 3) (5 7 6) (4 0 8)) ((1 2 3) (5 0 6) (4 7 8)) 9 15)
  first node on open = (((1 2 3) (5 7 6) (4 8 0)) ((1 2 3) (5 7 6) (4 0 8)) 10 14)
  first node on open = (((1 2 3) (0 5 6) (4 7 8)) ((1 2 3) (5 0 6) (4 7 8)) 9 15)
  first node on open = (((1 2 3) (4 5 6) (0 7 8)) ((1 2 3) (0 5 6) (4 7 8)) 10 14)
  first node on open = (((1 2 3) (4 5 6) (7 0 8)) ((1 2 3) (4 5 6) (0 7 8)) 11 13)
  first node on open = (((1 2 3) (4 5 6) (7 8 0)) ((1 2 3) (4 5 6) (7 0 8)) 12 12)

  length of closed = 45
  length of open = 35

  # of moves = 12
  solution path = 
  (((1 2 3) (4 5 8) (6 7 0)) ((1 2 3) (4 5 8) (6 0 7)) ((1 2 3) (4 5 8) (0 6 7)) ((1 2 3) (0 5 8) (4 6 7)) ((1 2 3) (5 0 8) (4 6 7))
  ((1 2 3) (5 6 8) (4 0 7)) ((1 2 3) (5 6 8) (4 7 0)) ((1 2 3) (5 6 0) (4 7 8)) ((1 2 3) (5 0 6) (4 7 8)) ((1 2 3) (0 5 6) (4 7 8))
  ((1 2 3) (4 5 6) (0 7 8)) ((1 2 3) (4 5 6) (7 0 8)) ((1 2 3) (4 5 6) (7 8 0)))
  T
  
  
--------------------------------------------------------------------------
------------------                       ---------------------------------
------------------   IMPOSSIBLE PUZZLE   --------------------------------
------------------                       ---------------------------------
--------------------------------------------------------------------------
--------------------------------------------------------------------------

  2 1 3            1 2 3
  4 5 6     -->    4 5 6
  7 8              7 8 
 
 ; The depth limit is '10' here.
 ; Since this puzzle is impossible, choosing a deeper limit, results in stack overflow.
 
 Lisp > (start-best-manhattan  10 '((2 1 3)(4 5 6)(7 8 0)) '((1 2 3)(4 5 6)(7 8 0)))
  first node on open = (((2 1 3) (4 5 6) (7 8 0)) NIL 0 2)
  first node on open = (((2 1 3) (4 5 0) (7 8 6)) ((2 1 3) (4 5 6) (7 8 0)) 1 5)
  first node on open = (((2 1 3) (4 5 6) (7 0 8)) ((2 1 3) (4 5 6) (7 8 0)) 1 5)
  first node on open = (((2 1 3) (4 0 6) (7 5 8)) ((2 1 3) (4 5 6) (7 0 8)) 2 8)
  first node on open = (((2 1 3) (4 5 6) (0 7 8)) ((2 1 3) (4 5 6) (7 0 8)) 2 8)
  first node on open = (((2 1 0) (4 5 3) (7 8 6)) ((2 1 3) (4 5 0) (7 8 6)) 2 8)
  first node on open = (((2 1 3) (4 0 5) (7 8 6)) ((2 1 3) (4 5 0) (7 8 6)) 2 8)
  first node on open = (((2 1 3) (4 8 5) (7 0 6)) ((2 1 3) (4 0 5) (7 8 6)) 3 9)
  first node on open = (((2 1 3) (4 6 0) (7 5 8)) ((2 1 3) (4 0 6) (7 5 8)) 3 9)
  first node on open = (((2 1 3) (4 6 8) (7 5 0)) ((2 1 3) (4 6 0) (7 5 8)) 4 10)
  first node on open = (((2 1 3) (4 8 5) (7 6 0)) ((2 1 3) (4 8 5) (7 0 6)) 4 10)
  first node on open = (((2 0 3) (4 1 5) (7 8 6)) ((2 1 3) (4 0 5) (7 8 6)) 3 11)
  first node on open = (((2 1 3) (0 4 5) (7 8 6)) ((2 1 3) (4 0 5) (7 8 6)) 3 11)
  first node on open = (((2 0 1) (4 5 3) (7 8 6)) ((2 1 0) (4 5 3) (7 8 6)) 3 11)
  first node on open = (((2 1 3) (0 5 6) (4 7 8)) ((2 1 3) (4 5 6) (0 7 8)) 3 11)
  first node on open = (((2 0 3) (4 1 6) (7 5 8)) ((2 1 3) (4 0 6) (7 5 8)) 3 11)
  first node on open = (((2 1 3) (0 4 6) (7 5 8)) ((2 1 3) (4 0 6) (7 5 8)) 3 11)
  first node on open = (((2 1 3) (7 4 6) (0 5 8)) ((2 1 3) (0 4 6) (7 5 8)) 4 12)
  first node on open = (((0 2 3) (4 1 6) (7 5 8)) ((2 0 3) (4 1 6) (7 5 8)) 4 12)
  first node on open = (((2 3 0) (4 1 6) (7 5 8)) ((2 0 3) (4 1 6) (7 5 8)) 4 12)
  first node on open = (((2 1 3) (5 0 6) (4 7 8)) ((2 1 3) (0 5 6) (4 7 8)) 4 12)
  first node on open = (((2 5 1) (4 0 3) (7 8 6)) ((2 0 1) (4 5 3) (7 8 6)) 4 12)
  first node on open = (((0 2 1) (4 5 3) (7 8 6)) ((2 0 1) (4 5 3) (7 8 6)) 4 12)
  first node on open = (((2 1 3) (7 4 5) (0 8 6)) ((2 1 3) (0 4 5) (7 8 6)) 4 12)
  first node on open = (((0 2 3) (4 1 5) (7 8 6)) ((2 0 3) (4 1 5) (7 8 6)) 4 12)
  first node on open = (((2 3 0) (4 1 5) (7 8 6)) ((2 0 3) (4 1 5) (7 8 6)) 4 12)
  first node on open = (((2 1 0) (4 6 3) (7 5 8)) ((2 1 3) (4 6 0) (7 5 8)) 4 12)
  first node on open = (((2 1 3) (4 8 5) (0 7 6)) ((2 1 3) (4 8 5) (7 0 6)) 4 12)
  first node on open = (((2 3 5) (4 1 0) (7 8 6)) ((2 3 0) (4 1 5) (7 8 6)) 5 13)
  first node on open = (((2 3 5) (4 1 6) (7 8 0)) ((2 3 5) (4 1 0) (7 8 6)) 6 12)
  first node on open = (((4 2 3) (0 1 5) (7 8 6)) ((0 2 3) (4 1 5) (7 8 6)) 5 13)
  first node on open = (((4 2 3) (1 0 5) (7 8 6)) ((4 2 3) (0 1 5) (7 8 6)) 6 12)
  first node on open = (((4 2 3) (1 5 0) (7 8 6)) ((4 2 3) (1 0 5) (7 8 6)) 7 11)
  first node on open = (((4 2 3) (1 5 6) (7 8 0)) ((4 2 3) (1 5 0) (7 8 6)) 8 10)
  first node on open = (((4 2 3) (1 5 6) (7 0 8)) ((4 2 3) (1 5 6) (7 8 0)) 9 13)
  first node on open = (((4 2 3) (1 8 5) (7 0 6)) ((4 2 3) (1 0 5) (7 8 6)) 7 13)
  first node on open = (((2 1 3) (7 4 5) (8 0 6)) ((2 1 3) (7 4 5) (0 8 6)) 5 13)
  first node on open = (((4 2 1) (0 5 3) (7 8 6)) ((0 2 1) (4 5 3) (7 8 6)) 5 13)
  first node on open = (((2 5 1) (4 8 3) (7 0 6)) ((2 5 1) (4 0 3) (7 8 6)) 5 13)
  first node on open = (((2 5 1) (4 3 0) (7 8 6)) ((2 5 1) (4 0 3) (7 8 6)) 5 13)
  first node on open = (((2 5 1) (4 3 6) (7 8 0)) ((2 5 1) (4 3 0) (7 8 6)) 6 12)
  first node on open = (((2 1 3) (5 7 6) (4 0 8)) ((2 1 3) (5 0 6) (4 7 8)) 5 13)
  first node on open = (((2 1 3) (5 7 6) (4 8 0)) ((2 1 3) (5 7 6) (4 0 8)) 6 12)
  first node on open = (((2 1 3) (5 6 0) (4 7 8)) ((2 1 3) (5 0 6) (4 7 8)) 5 13)
  first node on open = (((2 3 6) (4 1 0) (7 5 8)) ((2 3 0) (4 1 6) (7 5 8)) 5 13)
  first node on open = (((4 2 3) (0 1 6) (7 5 8)) ((0 2 3) (4 1 6) (7 5 8)) 5 13)
  first node on open = (((4 2 3) (1 0 6) (7 5 8)) ((4 2 3) (0 1 6) (7 5 8)) 6 12)
  first node on open = (((4 2 3) (1 6 0) (7 5 8)) ((4 2 3) (1 0 6) (7 5 8)) 7 13)
  first node on open = (((2 1 3) (7 4 6) (5 0 8)) ((2 1 3) (7 4 6) (0 5 8)) 5 13)
  first node on open = (((2 1 3) (7 4 6) (5 8 0)) ((2 1 3) (7 4 6) (5 0 8)) 6 12)
  first node on open = (((2 1 3) (4 8 0) (7 6 5)) ((2 1 3) (4 8 5) (7 6 0)) 5 13)
  first node on open = (((2 1 3) (4 6 8) (7 0 5)) ((2 1 3) (4 6 8) (7 5 0)) 5 13)
  first node on open = (((4 2 3) (1 6 8) (7 5 0)) ((4 2 3) (1 6 0) (7 5 8)) 8 14)
  first node on open = (((4 2 3) (7 1 6) (0 5 8)) ((4 2 3) (0 1 6) (7 5 8)) 6 14)
  first node on open = (((2 3 6) (4 1 8) (7 5 0)) ((2 3 6) (4 1 0) (7 5 8)) 6 14)
  first node on open = (((2 1 3) (5 6 8) (4 7 0)) ((2 1 3) (5 6 0) (4 7 8)) 6 14)
  first node on open = (((2 5 1) (4 8 3) (7 6 0)) ((2 5 1) (4 8 3) (7 0 6)) 6 14)
  first node on open = (((4 2 1) (7 5 3) (0 8 6)) ((4 2 1) (0 5 3) (7 8 6)) 6 14)
  first node on open = (((4 2 1) (5 0 3) (7 8 6)) ((4 2 1) (0 5 3) (7 8 6)) 6 14)
  first node on open = (((2 1 3) (7 4 5) (8 6 0)) ((2 1 3) (7 4 5) (8 0 6)) 6 14)
  first node on open = (((4 2 3) (1 8 5) (7 6 0)) ((4 2 3) (1 8 5) (7 0 6)) 8 14)
  first node on open = (((4 2 0) (1 5 3) (7 8 6)) ((4 2 3) (1 5 0) (7 8 6)) 8 14)
  first node on open = (((4 2 3) (7 1 5) (0 8 6)) ((4 2 3) (0 1 5) (7 8 6)) 6 14)
  first node on open = (((0 1 3) (2 4 6) (7 5 8)) ((2 1 3) (0 4 6) (7 5 8)) 4 14)
  first node on open = (((1 0 3) (2 4 6) (7 5 8)) ((0 1 3) (2 4 6) (7 5 8)) 5 13)
  first node on open = (((1 4 3) (2 0 6) (7 5 8)) ((1 0 3) (2 4 6) (7 5 8)) 6 14)
  first node on open = (((1 4 3) (2 5 6) (7 0 8)) ((1 4 3) (2 0 6) (7 5 8)) 7 13)
  first node on open = (((1 4 3) (2 5 6) (7 8 0)) ((1 4 3) (2 5 6) (7 0 8)) 8 12)
  first node on open = (((1 3 0) (2 4 6) (7 5 8)) ((1 0 3) (2 4 6) (7 5 8)) 6 14)
  first node on open = (((0 1 3) (2 5 6) (4 7 8)) ((2 1 3) (0 5 6) (4 7 8)) 4 14)
  first node on open = (((1 0 3) (2 5 6) (4 7 8)) ((0 1 3) (2 5 6) (4 7 8)) 5 13)
  first node on open = (((1 5 3) (2 0 6) (4 7 8)) ((1 0 3) (2 5 6) (4 7 8)) 6 14)
  first node on open = (((1 3 0) (2 5 6) (4 7 8)) ((1 0 3) (2 5 6) (4 7 8)) 6 14)
  first node on open = (((0 1 3) (2 4 5) (7 8 6)) ((2 1 3) (0 4 5) (7 8 6)) 4 14)
  first node on open = (((1 0 3) (2 4 5) (7 8 6)) ((0 1 3) (2 4 5) (7 8 6)) 5 13)
  first node on open = (((1 4 3) (2 0 5) (7 8 6)) ((1 0 3) (2 4 5) (7 8 6)) 6 14)
  first node on open = (((1 4 3) (2 5 0) (7 8 6)) ((1 4 3) (2 0 5) (7 8 6)) 7 13)
  first node on open = (((1 3 0) (2 4 5) (7 8 6)) ((1 0 3) (2 4 5) (7 8 6)) 6 14)
  first node on open = (((1 3 5) (2 4 0) (7 8 6)) ((1 3 0) (2 4 5) (7 8 6)) 7 15)
  first node on open = (((1 3 5) (2 4 6) (7 8 0)) ((1 3 5) (2 4 0) (7 8 6)) 8 14)
  first node on open = (((1 4 3) (2 8 5) (7 0 6)) ((1 4 3) (2 0 5) (7 8 6)) 7 15)
  first node on open = (((1 4 3) (0 2 5) (7 8 6)) ((1 4 3) (2 0 5) (7 8 6)) 7 15)
  first node on open = (((1 3 6) (2 5 0) (4 7 8)) ((1 3 0) (2 5 6) (4 7 8)) 7 15)
  first node on open = (((1 5 3) (2 7 6) (4 0 8)) ((1 5 3) (2 0 6) (4 7 8)) 7 15)
  first node on open = (((1 5 3) (2 7 6) (4 8 0)) ((1 5 3) (2 7 6) (4 0 8)) 8 14)
  first node on open = (((1 5 3) (0 2 6) (4 7 8)) ((1 5 3) (2 0 6) (4 7 8)) 7 15)
  first node on open = (((1 5 3) (4 2 6) (0 7 8)) ((1 5 3) (0 2 6) (4 7 8)) 8 14)
  first node on open = (((1 5 3) (4 2 6) (7 0 8)) ((1 5 3) (4 2 6) (0 7 8)) 9 13)
  first node on open = (((1 5 3) (4 2 6) (7 8 0)) ((1 5 3) (4 2 6) (7 0 8)) 10 12)
  first node on open = (((1 5 3) (2 6 0) (4 7 8)) ((1 5 3) (2 0 6) (4 7 8)) 7 15)
  first node on open = (((1 3 6) (2 4 0) (7 5 8)) ((1 3 0) (2 4 6) (7 5 8)) 7 15)
  first node on open = (((1 4 3) (2 5 0) (7 8 6)) ((1 4 3) (2 5 6) (7 8 0)) 9 15)
  first node on open = (((1 4 3) (0 2 6) (7 5 8)) ((1 4 3) (2 0 6) (7 5 8)) 7 15)
  first node on open = (((1 4 3) (2 6 0) (7 5 8)) ((1 4 3) (2 0 6) (7 5 8)) 7 15)
  first node on open = (((4 2 3) (7 1 5) (8 0 6)) ((4 2 3) (7 1 5) (0 8 6)) 7 15)
  first node on open = (((4 2 1) (5 8 3) (7 0 6)) ((4 2 1) (5 0 3) (7 8 6)) 7 15)
  first node on open = (((4 2 1) (5 3 0) (7 8 6)) ((4 2 1) (5 0 3) (7 8 6)) 7 15)
  first node on open = (((4 2 1) (5 3 6) (7 8 0)) ((4 2 1) (5 3 0) (7 8 6)) 8 14)
  first node on open = (((4 2 1) (7 5 3) (8 0 6)) ((4 2 1) (7 5 3) (0 8 6)) 7 15)
  first node on open = (((4 2 3) (7 1 6) (5 0 8)) ((4 2 3) (7 1 6) (0 5 8)) 7 15)
  first node on open = (((4 2 3) (7 1 6) (5 8 0)) ((4 2 3) (7 1 6) (5 0 8)) 8 14)
  first node on open = (((2 1 3) (7 4 0) (5 8 6)) ((2 1 3) (7 4 6) (5 8 0)) 7 15)
  first node on open = (((4 0 3) (1 2 6) (7 5 8)) ((4 2 3) (1 0 6) (7 5 8)) 7 15)
  first node on open = (((2 1 3) (5 7 0) (4 8 6)) ((2 1 3) (5 7 6) (4 8 0)) 7 15)
  first node on open = (((2 5 1) (4 3 6) (7 0 8)) ((2 5 1) (4 3 6) (7 8 0)) 7 15)
  first node on open = (((4 0 3) (1 2 5) (7 8 6)) ((4 2 3) (1 0 5) (7 8 6)) 7 15)
  first node on open = (((2 3 5) (4 1 6) (7 0 8)) ((2 3 5) (4 1 6) (7 8 0)) 7 15)
  first node on open = (((2 1 3) (0 8 5) (4 7 6)) ((2 1 3) (4 8 5) (0 7 6)) 5 15)
  first node on open = (((2 0 1) (4 6 3) (7 5 8)) ((2 1 0) (4 6 3) (7 5 8)) 5 15)
  first node on open = (((2 5 1) (0 4 3) (7 8 6)) ((2 5 1) (4 0 3) (7 8 6)) 5 15)
  first node on open = (((2 0 3) (5 1 6) (4 7 8)) ((2 1 3) (5 0 6) (4 7 8)) 5 15)
  first node on open = (((0 2 3) (5 1 6) (4 7 8)) ((2 0 3) (5 1 6) (4 7 8)) 6 16)
  first node on open = (((2 3 0) (5 1 6) (4 7 8)) ((2 0 3) (5 1 6) (4 7 8)) 6 16)
  first node on open = (((2 5 1) (7 4 3) (0 8 6)) ((2 5 1) (0 4 3) (7 8 6)) 6 16)
  first node on open = (((2 6 1) (4 0 3) (7 5 8)) ((2 0 1) (4 6 3) (7 5 8)) 6 16)
  first node on open = (((2 6 1) (4 5 3) (7 0 8)) ((2 6 1) (4 0 3) (7 5 8)) 7 15)
  first node on open = (((2 6 1) (4 5 3) (7 8 0)) ((2 6 1) (4 5 3) (7 0 8)) 8 14)
  first node on open = (((0 2 1) (4 6 3) (7 5 8)) ((2 0 1) (4 6 3) (7 5 8)) 6 16)
  first node on open = (((2 1 3) (8 0 5) (4 7 6)) ((2 1 3) (0 8 5) (4 7 6)) 6 16)
  first node on open = (((2 1 3) (8 5 0) (4 7 6)) ((2 1 3) (8 0 5) (4 7 6)) 7 15)
  first node on open = (((2 1 3) (8 5 6) (4 7 0)) ((2 1 3) (8 5 0) (4 7 6)) 8 14)
  first node on open = (((4 3 0) (1 2 5) (7 8 6)) ((4 0 3) (1 2 5) (7 8 6)) 8 16)
  first node on open = (((4 3 0) (1 2 6) (7 5 8)) ((4 0 3) (1 2 6) (7 5 8)) 8 16)
  first node on open = (((4 2 1) (7 5 3) (8 6 0)) ((4 2 1) (7 5 3) (8 0 6)) 8 16)
  first node on open = (((4 2 1) (5 8 3) (7 6 0)) ((4 2 1) (5 8 3) (7 0 6)) 8 16)
  first node on open = (((4 2 3) (7 1 5) (8 6 0)) ((4 2 3) (7 1 5) (8 0 6)) 8 16)
  first node on open = (((1 4 3) (2 6 8) (7 5 0)) ((1 4 3) (2 6 0) (7 5 8)) 8 16)
  first node on open = (((1 4 3) (7 2 6) (0 5 8)) ((1 4 3) (0 2 6) (7 5 8)) 8 16)
  first node on open = (((1 3 6) (2 4 8) (7 5 0)) ((1 3 6) (2 4 0) (7 5 8)) 8 16)
  first node on open = (((1 5 3) (2 6 8) (4 7 0)) ((1 5 3) (2 6 0) (4 7 8)) 8 16)
  first node on open = (((1 5 3) (4 0 6) (7 2 8)) ((1 5 3) (4 2 6) (7 0 8)) 10 16)
  first node on open = (((1 3 6) (2 5 8) (4 7 0)) ((1 3 6) (2 5 0) (4 7 8)) 8 16)
  first node on open = (((1 4 3) (7 2 5) (0 8 6)) ((1 4 3) (0 2 5) (7 8 6)) 8 16)
  first node on open = (((1 4 3) (2 8 5) (7 6 0)) ((1 4 3) (2 8 5) (7 0 6)) 8 16)
  first node on open = (((1 4 0) (2 5 3) (7 8 6)) ((1 4 3) (2 5 0) (7 8 6)) 8 16)
  first node on open = (((1 4 3) (2 5 6) (0 7 8)) ((1 4 3) (2 5 6) (7 0 8)) 8 16)
  first node on open = (((2 1 3) (4 0 8) (7 6 5)) ((2 1 3) (4 6 8) (7 0 5)) 6 16)
  first node on open = (((2 1 3) (4 6 8) (0 7 5)) ((2 1 3) (4 6 8) (7 0 5)) 6 16)
  first node on open = (((2 1 0) (4 8 3) (7 6 5)) ((2 1 3) (4 8 0) (7 6 5)) 6 16)
  first node on open = (((2 1 3) (4 0 8) (7 6 5)) ((2 1 3) (4 8 0) (7 6 5)) 6 16)
  first node on open = (((2 1 3) (7 0 6) (5 4 8)) ((2 1 3) (7 4 6) (5 0 8)) 6 16)
  first node on open = (((4 2 0) (1 6 3) (7 5 8)) ((4 2 3) (1 6 0) (7 5 8)) 8 16)
  first node on open = (((2 3 6) (4 0 1) (7 5 8)) ((2 3 6) (4 1 0) (7 5 8)) 6 16)
  first node on open = (((2 3 6) (4 5 1) (7 0 8)) ((2 3 6) (4 0 1) (7 5 8)) 7 15)
  first node on open = (((2 3 6) (4 5 1) (7 8 0)) ((2 3 6) (4 5 1) (7 0 8)) 8 14)
  first node on open = (((2 1 0) (5 6 3) (4 7 8)) ((2 1 3) (5 6 0) (4 7 8)) 6 16)
  first node on open = (((2 1 3) (5 7 6) (0 4 8)) ((2 1 3) (5 7 6) (4 0 8)) 6 16)
  first node on open = (((2 5 0) (4 3 1) (7 8 6)) ((2 5 1) (4 3 0) (7 8 6)) 6 16)
  first node on open = (((2 5 1) (4 8 3) (0 7 6)) ((2 5 1) (4 8 3) (7 0 6)) 6 16)
  first node on open = (((2 1 3) (7 0 5) (8 4 6)) ((2 1 3) (7 4 5) (8 0 6)) 6 16)
  first node on open = (((2 1 3) (7 5 0) (8 4 6)) ((2 1 3) (7 0 5) (8 4 6)) 7 15)
  first node on open = (((2 1 3) (7 5 6) (8 4 0)) ((2 1 3) (7 5 0) (8 4 6)) 8 14)
  first node on open = (((4 2 3) (1 8 5) (0 7 6)) ((4 2 3) (1 8 5) (7 0 6)) 8 16)
  first node on open = (((4 2 3) (1 0 6) (7 5 8)) ((4 2 3) (1 5 6) (7 0 8)) 10 16)
  first node on open = (((4 2 3) (1 5 6) (0 7 8)) ((4 2 3) (1 5 6) (7 0 8)) 10 16)
  first node on open = (((2 3 5) (4 0 1) (7 8 6)) ((2 3 5) (4 1 0) (7 8 6)) 6 16)
  first node on open = (((2 3 5) (4 8 1) (7 0 6)) ((2 3 5) (4 0 1) (7 8 6)) 7 17)
  first node on open = (((2 1 3) (7 5 6) (8 0 4)) ((2 1 3) (7 5 6) (8 4 0)) 9 17)
  first node on open = (((2 3 6) (4 5 0) (7 8 1)) ((2 3 6) (4 5 1) (7 8 0)) 9 17)
  first node on open = (((2 1 3) (7 6 0) (5 4 8)) ((2 1 3) (7 0 6) (5 4 8)) 7 17)
  first node on open = (((1 4 3) (7 2 5) (8 0 6)) ((1 4 3) (7 2 5) (0 8 6)) 9 17)
  first node on open = (((1 4 3) (7 2 6) (5 0 8)) ((1 4 3) (7 2 6) (0 5 8)) 9 17)
  first node on open = (((1 4 3) (7 2 6) (5 8 0)) ((1 4 3) (7 2 6) (5 0 8)) 10 16)
  first node on open = (((4 3 6) (1 2 0) (7 5 8)) ((4 3 0) (1 2 6) (7 5 8)) 9 17)
  first node on open = (((4 3 5) (1 2 0) (7 8 6)) ((4 3 0) (1 2 5) (7 8 6)) 9 17)
  first node on open = (((4 3 5) (1 2 6) (7 8 0)) ((4 3 5) (1 2 0) (7 8 6)) 10 16)
  first node on open = (((2 1 3) (8 5 6) (4 0 7)) ((2 1 3) (8 5 6) (4 7 0)) 9 17)
  first node on open = (((2 1 3) (8 7 5) (4 0 6)) ((2 1 3) (8 0 5) (4 7 6)) 7 17)
  first node on open = (((4 2 1) (0 6 3) (7 5 8)) ((0 2 1) (4 6 3) (7 5 8)) 7 17)
  first node on open = (((2 6 1) (4 5 0) (7 8 3)) ((2 6 1) (4 5 3) (7 8 0)) 9 17)
  first node on open = (((2 6 1) (4 3 0) (7 5 8)) ((2 6 1) (4 0 3) (7 5 8)) 7 17)
  first node on open = (((2 5 1) (7 4 3) (8 0 6)) ((2 5 1) (7 4 3) (0 8 6)) 7 17)
  first node on open = (((2 3 6) (5 1 0) (4 7 8)) ((2 3 0) (5 1 6) (4 7 8)) 7 17)
  first node on open = (((5 2 3) (0 1 6) (4 7 8)) ((0 2 3) (5 1 6) (4 7 8)) 7 17)
  first node on open = (((5 2 3) (4 1 6) (0 7 8)) ((5 2 3) (0 1 6) (4 7 8)) 8 16)
  first node on open = (((5 2 3) (4 1 6) (7 0 8)) ((5 2 3) (4 1 6) (0 7 8)) 9 15)
  first node on open = (((5 2 3) (4 1 6) (7 8 0)) ((5 2 3) (4 1 6) (7 0 8)) 10 14)
  first node on open = (((5 2 3) (1 0 6) (4 7 8)) ((5 2 3) (0 1 6) (4 7 8)) 8 16)
  first node on open = (((5 2 3) (1 7 6) (4 0 8)) ((5 2 3) (1 0 6) (4 7 8)) 9 17)
  first node on open = (((5 2 3) (1 7 6) (4 8 0)) ((5 2 3) (1 7 6) (4 0 8)) 10 16)
  first node on open = (((5 2 3) (1 6 0) (4 7 8)) ((5 2 3) (1 0 6) (4 7 8)) 9 17)
  first node on open = (((4 2 3) (7 1 0) (5 8 6)) ((4 2 3) (7 1 6) (5 8 0)) 9 17)
  first node on open = (((4 2 1) (5 3 6) (7 0 8)) ((4 2 1) (5 3 6) (7 8 0)) 9 17)
  first node on open = (((1 5 3) (2 7 0) (4 8 6)) ((1 5 3) (2 7 6) (4 8 0)) 9 17)
  first node on open = (((1 3 5) (2 4 6) (7 0 8)) ((1 3 5) (2 4 6) (7 8 0)) 9 17)
  first node on open = (((4 0 2) (1 5 3) (7 8 6)) ((4 2 0) (1 5 3) (7 8 6)) 9 17)
  first node on open = (((4 2 3) (1 8 0) (7 6 5)) ((4 2 3) (1 8 5) (7 6 0)) 9 17)
  first node on open = (((2 1 3) (7 4 0) (8 6 5)) ((2 1 3) (7 4 5) (8 6 0)) 7 17)
  first node on open = (((4 0 1) (5 2 3) (7 8 6)) ((4 2 1) (5 0 3) (7 8 6)) 7 17)
  first node on open = (((4 1 0) (5 2 3) (7 8 6)) ((4 0 1) (5 2 3) (7 8 6)) 8 16)
  first node on open = (((4 1 3) (5 2 0) (7 8 6)) ((4 1 0) (5 2 3) (7 8 6)) 9 15)
  first node on open = (((4 1 3) (5 2 6) (7 8 0)) ((4 1 3) (5 2 0) (7 8 6)) 10 14)
  first node on open = (((2 5 1) (4 8 0) (7 6 3)) ((2 5 1) (4 8 3) (7 6 0)) 7 17)
  first node on open = (((2 1 3) (5 6 8) (4 0 7)) ((2 1 3) (5 6 8) (4 7 0)) 7 17)
  first node on open = (((2 3 6) (4 1 8) (7 0 5)) ((2 3 6) (4 1 8) (7 5 0)) 7 17)
  first node on open = (((4 2 3) (1 6 8) (7 0 5)) ((4 2 3) (1 6 8) (7 5 0)) 9 17)
  first node on open = (((4 1 3) (5 0 2) (7 8 6)) ((4 1 3) (5 2 0) (7 8 6)) 10 18)
  first node on open = (((4 5 2) (1 0 3) (7 8 6)) ((4 0 2) (1 5 3) (7 8 6)) 10 18)
  first node on open = (((5 2 3) (1 6 8) (4 7 0)) ((5 2 3) (1 6 0) (4 7 8)) 10 18)
  first node on open = (((5 2 3) (4 0 6) (7 1 8)) ((5 2 3) (4 1 6) (7 0 8)) 10 18)
  first node on open = (((2 3 6) (5 1 8) (4 7 0)) ((2 3 6) (5 1 0) (4 7 8)) 8 18)
  first node on open = (((2 5 1) (7 4 3) (8 6 0)) ((2 5 1) (7 4 3) (8 0 6)) 8 18)
  first node on open = (((2 6 1) (4 3 8) (7 5 0)) ((2 6 1) (4 3 0) (7 5 8)) 8 18)
  first node on open = (((4 2 1) (7 6 3) (0 5 8)) ((4 2 1) (0 6 3) (7 5 8)) 8 18)
  first node on open = (((4 2 1) (6 0 3) (7 5 8)) ((4 2 1) (0 6 3) (7 5 8)) 8 18)
  first node on open = (((4 2 1) (6 5 3) (7 0 8)) ((4 2 1) (6 0 3) (7 5 8)) 9 17)
  first node on open = (((4 2 1) (6 5 3) (7 8 0)) ((4 2 1) (6 5 3) (7 0 8)) 10 16)
  first node on open = (((2 1 3) (8 7 5) (4 6 0)) ((2 1 3) (8 7 5) (4 0 6)) 8 18)
  first node on open = (((4 3 6) (1 2 8) (7 5 0)) ((4 3 6) (1 2 0) (7 5 8)) 10 18)
  first node on open = (((1 4 3) (7 2 5) (8 6 0)) ((1 4 3) (7 2 5) (8 0 6)) 10 18)
  first node on open = (((2 1 3) (7 6 8) (5 4 0)) ((2 1 3) (7 6 0) (5 4 8)) 8 18)
  first node on open = (((2 3 0) (4 5 6) (7 8 1)) ((2 3 6) (4 5 0) (7 8 1)) 10 18)
  first node on open = (((2 1 3) (7 5 6) (0 8 4)) ((2 1 3) (7 5 6) (8 0 4)) 10 18)
  first node on open = (((2 3 5) (4 8 1) (7 6 0)) ((2 3 5) (4 8 1) (7 0 6)) 8 18)
  first node on open = (((2 1 0) (7 5 3) (8 4 6)) ((2 1 3) (7 5 0) (8 4 6)) 8 18)
  first node on open = (((2 3 6) (4 5 1) (0 7 8)) ((2 3 6) (4 5 1) (7 0 8)) 8 18)
  first node on open = (((2 1 0) (8 5 3) (4 7 6)) ((2 1 3) (8 5 0) (4 7 6)) 8 18)
  first node on open = (((2 6 1) (4 5 3) (0 7 8)) ((2 6 1) (4 5 3) (7 0 8)) 8 18)
  first node on open = (((0 5 1) (2 4 3) (7 8 6)) ((2 5 1) (0 4 3) (7 8 6)) 6 18)
  first node on open = (((0 1 3) (2 8 5) (4 7 6)) ((2 1 3) (0 8 5) (4 7 6)) 6 18)
  first node on open = (((1 0 3) (2 8 5) (4 7 6)) ((0 1 3) (2 8 5) (4 7 6)) 7 17)
  first node on open = (((1 8 3) (2 0 5) (4 7 6)) ((1 0 3) (2 8 5) (4 7 6)) 8 18)
  first node on open = (((1 8 3) (2 5 0) (4 7 6)) ((1 8 3) (2 0 5) (4 7 6)) 9 17)
  first node on open = (((1 8 3) (2 5 6) (4 7 0)) ((1 8 3) (2 5 0) (4 7 6)) 10 16)
  first node on open = (((1 3 0) (2 8 5) (4 7 6)) ((1 0 3) (2 8 5) (4 7 6)) 8 18)
  first node on open = (((2 3 5) (4 0 6) (7 1 8)) ((2 3 5) (4 1 6) (7 0 8)) 8 18)
  first node on open = (((2 3 5) (4 1 6) (0 7 8)) ((2 3 5) (4 1 6) (7 0 8)) 8 18)
  first node on open = (((0 4 3) (1 2 5) (7 8 6)) ((4 0 3) (1 2 5) (7 8 6)) 8 18)
  first node on open = (((2 5 1) (4 0 6) (7 3 8)) ((2 5 1) (4 3 6) (7 0 8)) 8 18)
  first node on open = (((2 5 1) (4 3 6) (0 7 8)) ((2 5 1) (4 3 6) (7 0 8)) 8 18)
  first node on open = (((2 1 0) (5 7 3) (4 8 6)) ((2 1 3) (5 7 0) (4 8 6)) 8 18)
  first node on open = (((2 1 3) (5 0 7) (4 8 6)) ((2 1 3) (5 7 0) (4 8 6)) 8 18)
  first node on open = (((0 4 3) (1 2 6) (7 5 8)) ((4 0 3) (1 2 6) (7 5 8)) 8 18)
  first node on open = (((2 1 0) (7 4 3) (5 8 6)) ((2 1 3) (7 4 0) (5 8 6)) 8 18)
  first node on open = (((2 1 3) (7 0 4) (5 8 6)) ((2 1 3) (7 4 0) (5 8 6)) 8 18)
  first node on open = (((4 2 3) (7 0 6) (5 1 8)) ((4 2 3) (7 1 6) (5 0 8)) 8 18)
  first node on open = (((4 2 1) (7 0 3) (8 5 6)) ((4 2 1) (7 5 3) (8 0 6)) 8 18)
  first node on open = (((4 2 0) (5 3 1) (7 8 6)) ((4 2 1) (5 3 0) (7 8 6)) 8 18)
  first node on open = (((4 2 1) (5 8 3) (0 7 6)) ((4 2 1) (5 8 3) (7 0 6)) 8 18)
  first node on open = (((4 2 3) (7 0 5) (8 1 6)) ((4 2 3) (7 1 5) (8 0 6)) 8 18)
  first node on open = (((4 2 3) (7 5 0) (8 1 6)) ((4 2 3) (7 0 5) (8 1 6)) 9 17)
  first node on open = (((4 2 3) (7 5 6) (8 1 0)) ((4 2 3) (7 5 0) (8 1 6)) 10 16)
  first node on open = (((1 4 0) (2 6 3) (7 5 8)) ((1 4 3) (2 6 0) (7 5 8)) 8 18)
  first node on open = (((0 4 3) (1 2 6) (7 5 8)) ((1 4 3) (0 2 6) (7 5 8)) 8 18)
  first node on open = (((1 4 0) (2 5 3) (7 8 6)) ((1 4 3) (2 5 0) (7 8 6)) 10 18)
  first node on open = (((1 3 6) (2 0 4) (7 5 8)) ((1 3 6) (2 4 0) (7 5 8)) 8 18)
  first node on open = (((1 3 6) (2 5 4) (7 0 8)) ((1 3 6) (2 0 4) (7 5 8)) 9 17)
  first node on open = (((1 3 6) (2 5 4) (7 8 0)) ((1 3 6) (2 5 4) (7 0 8)) 10 16)
  first node on open = (((1 5 0) (2 6 3) (4 7 8)) ((1 5 3) (2 6 0) (4 7 8)) 8 18)
  first node on open = (((0 5 3) (1 2 6) (4 7 8)) ((1 5 3) (0 2 6) (4 7 8)) 8 18)
  first node on open = (((1 5 3) (2 7 6) (0 4 8)) ((1 5 3) (2 7 6) (4 0 8)) 8 18)
  first node on open = (((1 3 6) (2 0 5) (4 7 8)) ((1 3 6) (2 5 0) (4 7 8)) 8 18)
  first node on open = (((0 4 3) (1 2 5) (7 8 6)) ((1 4 3) (0 2 5) (7 8 6)) 8 18)
  first node on open = (((1 4 3) (2 8 5) (0 7 6)) ((1 4 3) (2 8 5) (7 0 6)) 8 18)
  first node on open = (((1 3 5) (2 0 4) (7 8 6)) ((1 3 5) (2 4 0) (7 8 6)) 8 18)
  first node on open = (((1 3 5) (2 8 4) (7 0 6)) ((1 3 5) (2 0 4) (7 8 6)) 9 19)
  first node on open = (((1 3 5) (0 2 4) (7 8 6)) ((1 3 5) (2 0 4) (7 8 6)) 9 19)
  first node on open = (((1 3 6) (2 7 5) (4 0 8)) ((1 3 6) (2 0 5) (4 7 8)) 9 19)
  first node on open = (((1 3 6) (2 7 5) (4 8 0)) ((1 3 6) (2 7 5) (4 0 8)) 10 18)
  first node on open = (((1 3 6) (0 2 5) (4 7 8)) ((1 3 6) (2 0 5) (4 7 8)) 9 19)
  first node on open = (((1 3 6) (4 2 5) (0 7 8)) ((1 3 6) (0 2 5) (4 7 8)) 10 18)
  first node on open = (((5 0 3) (1 2 6) (4 7 8)) ((0 5 3) (1 2 6) (4 7 8)) 9 19)
  first node on open = (((1 3 6) (0 2 4) (7 5 8)) ((1 3 6) (2 0 4) (7 5 8)) 9 19)
  first node on open = (((4 2 1) (7 3 0) (8 5 6)) ((4 2 1) (7 0 3) (8 5 6)) 9 19)
  first node on open = (((4 2 1) (7 3 6) (8 5 0)) ((4 2 1) (7 3 0) (8 5 6)) 10 18)
  first node on open = (((4 2 3) (7 6 0) (5 1 8)) ((4 2 3) (7 0 6) (5 1 8)) 9 19)
  first node on open = (((2 1 3) (7 8 4) (5 0 6)) ((2 1 3) (7 0 4) (5 8 6)) 9 19)
  first node on open = (((2 1 3) (5 8 7) (4 0 6)) ((2 1 3) (5 0 7) (4 8 6)) 9 19)
  first node on open = (((2 1 3) (0 5 7) (4 8 6)) ((2 1 3) (5 0 7) (4 8 6)) 9 19)
  first node on open = (((2 1 3) (4 5 7) (0 8 6)) ((2 1 3) (0 5 7) (4 8 6)) 10 18)
  first node on open = (((2 0 1) (4 5 6) (7 3 8)) ((2 5 1) (4 0 6) (7 3 8)) 9 19)
  first node on open = (((2 1 0) (4 5 6) (7 3 8)) ((2 0 1) (4 5 6) (7 3 8)) 10 18)
  first node on open = (((2 5 1) (4 6 0) (7 3 8)) ((2 5 1) (4 0 6) (7 3 8)) 9 19)
  first node on open = (((2 3 5) (4 6 0) (7 1 8)) ((2 3 5) (4 0 6) (7 1 8)) 9 19)
  first node on open = (((1 3 5) (2 8 0) (4 7 6)) ((1 3 0) (2 8 5) (4 7 6)) 9 19)
  first node on open = (((1 3 5) (2 8 6) (4 7 0)) ((1 3 5) (2 8 0) (4 7 6)) 10 18)
  first node on open = (((1 8 3) (2 7 5) (4 0 6)) ((1 8 3) (2 0 5) (4 7 6)) 9 19)
  first node on open = (((1 8 3) (0 2 5) (4 7 6)) ((1 8 3) (2 0 5) (4 7 6)) 9 19)
  first node on open = (((1 8 3) (4 2 5) (0 7 6)) ((1 8 3) (0 2 5) (4 7 6)) 10 18)
  first node on open = (((5 0 1) (2 4 3) (7 8 6)) ((0 5 1) (2 4 3) (7 8 6)) 7 19)
  first node on open = (((5 1 0) (2 4 3) (7 8 6)) ((5 0 1) (2 4 3) (7 8 6)) 8 18)
  first node on open = (((5 1 3) (2 4 0) (7 8 6)) ((5 1 0) (2 4 3) (7 8 6)) 9 17)
  first node on open = (((5 1 3) (2 4 6) (7 8 0)) ((5 1 3) (2 4 0) (7 8 6)) 10 16)
  first node on open = (((4 2 1) (6 3 0) (7 5 8)) ((4 2 1) (6 0 3) (7 5 8)) 9 19)
  first node on open = (((4 2 1) (7 6 3) (5 0 8)) ((4 2 1) (7 6 3) (0 5 8)) 9 19)
  first node on open = (((4 2 1) (7 6 3) (5 8 0)) ((4 2 1) (7 6 3) (5 0 8)) 10 18)
  first node on open = (((5 0 3) (1 2 6) (4 7 8)) ((5 2 3) (1 0 6) (4 7 8)) 9 19)
  first node on open = (((2 0 5) (4 3 1) (7 8 6)) ((2 3 5) (4 0 1) (7 8 6)) 7 19)
  first node on open = (((2 3 5) (0 4 1) (7 8 6)) ((2 3 5) (4 0 1) (7 8 6)) 7 19)
  first node on open = (((4 2 3) (0 8 5) (1 7 6)) ((4 2 3) (1 8 5) (0 7 6)) 9 19)
  first node on open = (((2 0 3) (7 1 5) (8 4 6)) ((2 1 3) (7 0 5) (8 4 6)) 7 19)
  first node on open = (((2 1 3) (0 7 5) (8 4 6)) ((2 1 3) (7 0 5) (8 4 6)) 7 19)
  first node on open = (((2 5 1) (0 8 3) (4 7 6)) ((2 5 1) (4 8 3) (0 7 6)) 7 19)
  first node on open = (((2 0 5) (4 3 1) (7 8 6)) ((2 5 0) (4 3 1) (7 8 6)) 7 19)
  first node on open = (((2 1 3) (0 7 6) (5 4 8)) ((2 1 3) (5 7 6) (0 4 8)) 7 19)
  first node on open = (((2 0 1) (5 6 3) (4 7 8)) ((2 1 0) (5 6 3) (4 7 8)) 7 19)
  first node on open = (((2 0 6) (4 3 1) (7 5 8)) ((2 3 6) (4 0 1) (7 5 8)) 7 19)
  first node on open = (((2 3 6) (0 4 1) (7 5 8)) ((2 3 6) (4 0 1) (7 5 8)) 7 19)
  first node on open = (((4 0 2) (1 6 3) (7 5 8)) ((4 2 0) (1 6 3) (7 5 8)) 9 19)
  first node on open = (((2 0 3) (7 1 6) (5 4 8)) ((2 1 3) (7 0 6) (5 4 8)) 7 19)
  first node on open = (((2 1 3) (0 7 6) (5 4 8)) ((2 1 3) (7 0 6) (5 4 8)) 7 19)
  first node on open = (((2 0 3) (4 1 8) (7 6 5)) ((2 1 3) (4 0 8) (7 6 5)) 7 19)
  first node on open = (((2 1 3) (0 4 8) (7 6 5)) ((2 1 3) (4 0 8) (7 6 5)) 7 19)
  first node on open = (((2 0 1) (4 8 3) (7 6 5)) ((2 1 0) (4 8 3) (7 6 5)) 7 19)
  first node on open = (((2 1 3) (0 6 8) (4 7 5)) ((2 1 3) (4 6 8) (0 7 5)) 7 19)
  first node on open = (((2 0 3) (4 1 8) (7 6 5)) ((2 1 3) (4 0 8) (7 6 5)) 7 19)
  first node on open = (((2 1 3) (0 4 8) (7 6 5)) ((2 1 3) (4 0 8) (7 6 5)) 7 19)
  first node on open = (((1 4 3) (0 5 6) (2 7 8)) ((1 4 3) (2 5 6) (0 7 8)) 9 19)
  first node on open = (((1 0 4) (2 5 3) (7 8 6)) ((1 4 0) (2 5 3) (7 8 6)) 9 19)
  first node on open = (((1 4 3) (2 8 0) (7 6 5)) ((1 4 3) (2 8 5) (7 6 0)) 9 19)
  first node on open = (((1 3 6) (2 5 8) (4 0 7)) ((1 3 6) (2 5 8) (4 7 0)) 9 19)
  first node on open = (((1 5 3) (2 6 8) (4 0 7)) ((1 5 3) (2 6 8) (4 7 0)) 9 19)
  first node on open = (((1 3 6) (2 4 8) (7 0 5)) ((1 3 6) (2 4 8) (7 5 0)) 9 19)
  first node on open = (((1 4 3) (2 6 8) (7 0 5)) ((1 4 3) (2 6 8) (7 5 0)) 9 19)
  first node on open = (((4 2 3) (7 1 0) (8 6 5)) ((4 2 3) (7 1 5) (8 6 0)) 9 19)
  first node on open = (((4 2 1) (5 8 0) (7 6 3)) ((4 2 1) (5 8 3) (7 6 0)) 9 19)
  first node on open = (((4 2 1) (7 5 0) (8 6 3)) ((4 2 1) (7 5 3) (8 6 0)) 9 19)
  first node on open = (((2 0 3) (8 1 5) (4 7 6)) ((2 1 3) (8 0 5) (4 7 6)) 7 19)
  first node on open = (((2 6 1) (0 4 3) (7 5 8)) ((2 6 1) (4 0 3) (7 5 8)) 7 19)
  first node on open = (((2 6 1) (7 4 3) (0 5 8)) ((2 6 1) (0 4 3) (7 5 8)) 8 20)
  first node on open = (((0 2 3) (8 1 5) (4 7 6)) ((2 0 3) (8 1 5) (4 7 6)) 8 20)
  first node on open = (((2 3 0) (8 1 5) (4 7 6)) ((2 0 3) (8 1 5) (4 7 6)) 8 20)
  first node on open = (((1 5 4) (2 0 3) (7 8 6)) ((1 0 4) (2 5 3) (7 8 6)) 10 20)
  first node on open = (((1 4 3) (5 0 6) (2 7 8)) ((1 4 3) (0 5 6) (2 7 8)) 10 20)
  first node on open = (((2 1 3) (7 4 8) (0 6 5)) ((2 1 3) (0 4 8) (7 6 5)) 8 20)
  first node on open = (((0 2 3) (4 1 8) (7 6 5)) ((2 0 3) (4 1 8) (7 6 5)) 8 20)
  first node on open = (((2 3 0) (4 1 8) (7 6 5)) ((2 0 3) (4 1 8) (7 6 5)) 8 20)
  first node on open = (((2 1 3) (6 0 8) (4 7 5)) ((2 1 3) (0 6 8) (4 7 5)) 8 20)
  first node on open = (((2 1 3) (6 8 0) (4 7 5)) ((2 1 3) (6 0 8) (4 7 5)) 9 19)
  first node on open = (((2 1 3) (6 8 5) (4 7 0)) ((2 1 3) (6 8 0) (4 7 5)) 10 18)
  first node on open = (((2 8 1) (4 0 3) (7 6 5)) ((2 0 1) (4 8 3) (7 6 5)) 8 20)
  first node on open = (((2 8 1) (4 6 3) (7 0 5)) ((2 8 1) (4 0 3) (7 6 5)) 9 19)
  first node on open = (((2 8 1) (4 6 3) (7 5 0)) ((2 8 1) (4 6 3) (7 0 5)) 10 18)
  first node on open = (((0 2 1) (4 8 3) (7 6 5)) ((2 0 1) (4 8 3) (7 6 5)) 8 20)
  first node on open = (((2 1 3) (7 4 8) (0 6 5)) ((2 1 3) (0 4 8) (7 6 5)) 8 20)
  first node on open = (((0 2 3) (4 1 8) (7 6 5)) ((2 0 3) (4 1 8) (7 6 5)) 8 20)
  first node on open = (((2 3 0) (4 1 8) (7 6 5)) ((2 0 3) (4 1 8) (7 6 5)) 8 20)
  first node on open = (((0 2 3) (7 1 6) (5 4 8)) ((2 0 3) (7 1 6) (5 4 8)) 8 20)
  first node on open = (((2 3 0) (7 1 6) (5 4 8)) ((2 0 3) (7 1 6) (5 4 8)) 8 20)
  first node on open = (((4 6 2) (1 0 3) (7 5 8)) ((4 0 2) (1 6 3) (7 5 8)) 10 20)
  first node on open = (((2 3 6) (7 4 1) (0 5 8)) ((2 3 6) (0 4 1) (7 5 8)) 8 20)
  first node on open = (((0 2 6) (4 3 1) (7 5 8)) ((2 0 6) (4 3 1) (7 5 8)) 8 20)
  first node on open = (((2 6 0) (4 3 1) (7 5 8)) ((2 0 6) (4 3 1) (7 5 8)) 8 20)
  first node on open = (((2 6 1) (5 0 3) (4 7 8)) ((2 0 1) (5 6 3) (4 7 8)) 8 20)
  first node on open = (((0 2 1) (5 6 3) (4 7 8)) ((2 0 1) (5 6 3) (4 7 8)) 8 20)
  first node on open = (((0 2 5) (4 3 1) (7 8 6)) ((2 0 5) (4 3 1) (7 8 6)) 8 20)
  first node on open = (((2 5 1) (8 0 3) (4 7 6)) ((2 5 1) (0 8 3) (4 7 6)) 8 20)
  first node on open = (((2 1 3) (8 7 5) (0 4 6)) ((2 1 3) (0 7 5) (8 4 6)) 8 20)
  first node on open = (((0 2 3) (7 1 5) (8 4 6)) ((2 0 3) (7 1 5) (8 4 6)) 8 20)
  first node on open = (((2 3 0) (7 1 5) (8 4 6)) ((2 0 3) (7 1 5) (8 4 6)) 8 20)
  first node on open = (((0 2 3) (4 8 5) (1 7 6)) ((4 2 3) (0 8 5) (1 7 6)) 10 20)
  first node on open = (((4 2 3) (8 0 5) (1 7 6)) ((4 2 3) (0 8 5) (1 7 6)) 10 20)
  first node on open = (((2 3 5) (7 4 1) (0 8 6)) ((2 3 5) (0 4 1) (7 8 6)) 8 20)
  first node on open = (((0 2 5) (4 3 1) (7 8 6)) ((2 0 5) (4 3 1) (7 8 6)) 8 20)
  first node on open = (((5 3 0) (1 2 6) (4 7 8)) ((5 0 3) (1 2 6) (4 7 8)) 10 20)
  first node on open = (((4 2 1) (6 3 8) (7 5 0)) ((4 2 1) (6 3 0) (7 5 8)) 10 20)
  first node on open = (((5 1 3) (2 0 4) (7 8 6)) ((5 1 3) (2 4 0) (7 8 6)) 10 20)
  first node on open = (((5 4 1) (2 0 3) (7 8 6)) ((5 0 1) (2 4 3) (7 8 6)) 8 20)
  first node on open = (((1 8 3) (2 7 5) (4 6 0)) ((1 8 3) (2 7 5) (4 0 6)) 10 20)
  first node on open = (((2 3 5) (4 6 8) (7 1 0)) ((2 3 5) (4 6 0) (7 1 8)) 10 20)
  first node on open = (((2 3 0) (4 6 5) (7 1 8)) ((2 3 5) (4 6 0) (7 1 8)) 10 20)
  first node on open = (((2 5 1) (4 6 8) (7 3 0)) ((2 5 1) (4 6 0) (7 3 8)) 10 20)
  first node on open = (((0 2 1) (4 5 6) (7 3 8)) ((2 0 1) (4 5 6) (7 3 8)) 10 20)
  first node on open = (((2 1 3) (5 8 7) (4 6 0)) ((2 1 3) (5 8 7) (4 0 6)) 10 20)
  first node on open = (((2 1 3) (7 8 4) (0 5 6)) ((2 1 3) (7 8 4) (5 0 6)) 10 20)
  first node on open = (((2 1 3) (7 8 4) (5 6 0)) ((2 1 3) (7 8 4) (5 0 6)) 10 20)
  first node on open = (((4 2 3) (7 6 8) (5 1 0)) ((4 2 3) (7 6 0) (5 1 8)) 10 20)
  first node on open = (((1 3 6) (7 2 4) (0 5 8)) ((1 3 6) (0 2 4) (7 5 8)) 10 20)
  first node on open = (((5 3 0) (1 2 6) (4 7 8)) ((5 0 3) (1 2 6) (4 7 8)) 10 20)
  first node on open = (((1 3 5) (7 2 4) (0 8 6)) ((1 3 5) (0 2 4) (7 8 6)) 10 20)
  first node on open = (((1 3 5) (2 8 4) (7 6 0)) ((1 3 5) (2 8 4) (7 0 6)) 10 20)
  first node on open = (((1 3 6) (2 5 4) (0 7 8)) ((1 3 6) (2 5 4) (7 0 8)) 10 20)
  first node on open = (((4 2 0) (7 5 3) (8 1 6)) ((4 2 3) (7 5 0) (8 1 6)) 10 20)
  first node on open = (((1 8 0) (2 5 3) (4 7 6)) ((1 8 3) (2 5 0) (4 7 6)) 10 20)
  first node on open = (((4 2 1) (6 5 3) (0 7 8)) ((4 2 1) (6 5 3) (7 0 8)) 10 20)
  first node on open = (((4 2 3) (1 0 8) (7 6 5)) ((4 2 3) (1 6 8) (7 0 5)) 10 20)
  first node on open = (((4 2 3) (1 6 8) (0 7 5)) ((4 2 3) (1 6 8) (7 0 5)) 10 20)
  first node on open = (((2 3 6) (4 0 8) (7 1 5)) ((2 3 6) (4 1 8) (7 0 5)) 8 20)
  first node on open = (((2 3 6) (4 8 0) (7 1 5)) ((2 3 6) (4 0 8) (7 1 5)) 9 19)
  first node on open = (((2 3 6) (4 8 5) (7 1 0)) ((2 3 6) (4 8 0) (7 1 5)) 10 18)
  first node on open = (((2 3 0) (4 8 6) (7 1 5)) ((2 3 6) (4 8 0) (7 1 5)) 10 20)
  first node on open = (((2 3 6) (4 1 8) (0 7 5)) ((2 3 6) (4 1 8) (7 0 5)) 8 20)
  first node on open = (((2 1 3) (5 0 8) (4 6 7)) ((2 1 3) (5 6 8) (4 0 7)) 8 20)
  first node on open = (((2 1 3) (5 8 0) (4 6 7)) ((2 1 3) (5 0 8) (4 6 7)) 9 19)
  first node on open = (((2 1 3) (5 6 8) (0 4 7)) ((2 1 3) (5 6 8) (4 0 7)) 8 20)
  first node on open = (((2 5 0) (4 8 1) (7 6 3)) ((2 5 1) (4 8 0) (7 6 3)) 8 20)
  first node on open = (((2 5 1) (4 0 8) (7 6 3)) ((2 5 1) (4 8 0) (7 6 3)) 8 20)
  first node on open = (((2 5 1) (4 6 8) (7 0 3)) ((2 5 1) (4 0 8) (7 6 3)) 9 19)
  first node on open = (((0 4 1) (5 2 3) (7 8 6)) ((4 0 1) (5 2 3) (7 8 6)) 8 20)
  first node on open = (((2 1 0) (7 4 3) (8 6 5)) ((2 1 3) (7 4 0) (8 6 5)) 8 20)
  first node on open = (((2 1 3) (7 0 4) (8 6 5)) ((2 1 3) (7 4 0) (8 6 5)) 8 20)
  first node on open = (((2 1 3) (7 6 4) (8 0 5)) ((2 1 3) (7 0 4) (8 6 5)) 9 19)
  first node on open = (((2 1 3) (7 6 4) (8 5 0)) ((2 1 3) (7 6 4) (8 0 5)) 10 18)
  first node on open = (((2 1 3) (7 6 4) (0 8 5)) ((2 1 3) (7 6 4) (8 0 5)) 10 20)
  first node on open = (((4 2 0) (1 8 3) (7 6 5)) ((4 2 3) (1 8 0) (7 6 5)) 10 20)
  first node on open = (((4 2 3) (1 0 8) (7 6 5)) ((4 2 3) (1 8 0) (7 6 5)) 10 20)
  first node on open = (((0 4 2) (1 5 3) (7 8 6)) ((4 0 2) (1 5 3) (7 8 6)) 10 20)
  first node on open = (((1 3 5) (2 0 6) (7 4 8)) ((1 3 5) (2 4 6) (7 0 8)) 10 20)
  first node on open = (((1 3 5) (2 4 6) (0 7 8)) ((1 3 5) (2 4 6) (7 0 8)) 10 20)
  first node on open = (((1 5 0) (2 7 3) (4 8 6)) ((1 5 3) (2 7 0) (4 8 6)) 10 20)
  first node on open = (((1 5 3) (2 0 7) (4 8 6)) ((1 5 3) (2 7 0) (4 8 6)) 10 20)
  first node on open = (((4 2 1) (5 0 6) (7 3 8)) ((4 2 1) (5 3 6) (7 0 8)) 10 20)
  first node on open = (((4 2 1) (5 3 6) (0 7 8)) ((4 2 1) (5 3 6) (7 0 8)) 10 20)
  first node on open = (((4 2 0) (7 1 3) (5 8 6)) ((4 2 3) (7 1 0) (5 8 6)) 10 20)
  first node on open = (((4 2 3) (7 0 1) (5 8 6)) ((4 2 3) (7 1 0) (5 8 6)) 10 20)
  first node on open = (((5 2 0) (1 6 3) (4 7 8)) ((5 2 3) (1 6 0) (4 7 8)) 10 20)
  first node on open = (((5 2 3) (1 7 6) (0 4 8)) ((5 2 3) (1 7 6) (4 0 8)) 10 20)
  first node on open = (((2 3 6) (5 0 1) (4 7 8)) ((2 3 6) (5 1 0) (4 7 8)) 8 20)
  first node on open = (((2 5 1) (7 0 3) (8 4 6)) ((2 5 1) (7 4 3) (8 0 6)) 8 20)
  first node on open = (((2 6 0) (4 3 1) (7 5 8)) ((2 6 1) (4 3 0) (7 5 8)) 8 20)
  first node on open = (((2 6 0) (4 5 1) (7 8 3)) ((2 6 1) (4 5 0) (7 8 3)) 10 20)
  first node on open = (((2 6 1) (4 0 5) (7 8 3)) ((2 6 1) (4 5 0) (7 8 3)) 10 20)
  first node on open = (((2 1 3) (8 7 5) (0 4 6)) ((2 1 3) (8 7 5) (4 0 6)) 8 20)
  first node on open = (((2 1 3) (8 0 6) (4 5 7)) ((2 1 3) (8 5 6) (4 0 7)) 10 20)
  first node on open = (((2 1 3) (8 5 6) (0 4 7)) ((2 1 3) (8 5 6) (4 0 7)) 10 20)
  first node on open = (((4 3 5) (1 0 2) (7 8 6)) ((4 3 5) (1 2 0) (7 8 6)) 10 20)
  first node on open = (((4 3 6) (1 0 2) (7 5 8)) ((4 3 6) (1 2 0) (7 5 8)) 10 20)
  first node on open = (((1 4 3) (7 0 6) (5 2 8)) ((1 4 3) (7 2 6) (5 0 8)) 10 20)
  first node on open = (((1 4 3) (7 0 5) (8 2 6)) ((1 4 3) (7 2 5) (8 0 6)) 10 20)
  first node on open = (((2 1 0) (7 6 3) (5 4 8)) ((2 1 3) (7 6 0) (5 4 8)) 8 20)
  first node on open = (((2 3 6) (4 0 5) (7 8 1)) ((2 3 6) (4 5 0) (7 8 1)) 10 20)
  first node on open = (((2 1 3) (7 0 6) (8 5 4)) ((2 1 3) (7 5 6) (8 0 4)) 10 20)
  first node on open = (((2 3 5) (4 8 1) (0 7 6)) ((2 3 5) (4 8 1) (7 0 6)) 8 20)
  first node on open = (((2 0 1) (7 5 3) (8 4 6)) ((2 5 1) (7 0 3) (8 4 6)) 9 21)
  first node on open = (((2 5 1) (7 3 0) (8 4 6)) ((2 5 1) (7 0 3) (8 4 6)) 9 21)
  first node on open = (((2 5 1) (7 3 6) (8 4 0)) ((2 5 1) (7 3 0) (8 4 6)) 10 20)
  first node on open = (((2 3 6) (5 7 1) (4 0 8)) ((2 3 6) (5 0 1) (4 7 8)) 9 21)
  first node on open = (((2 3 6) (5 7 1) (4 8 0)) ((2 3 6) (5 7 1) (4 0 8)) 10 20)
  first node on open = (((2 3 6) (0 5 1) (4 7 8)) ((2 3 6) (5 0 1) (4 7 8)) 9 21)
  first node on open = (((5 4 1) (0 2 3) (7 8 6)) ((0 4 1) (5 2 3) (7 8 6)) 9 21)
  first node on open = (((2 0 1) (4 5 8) (7 6 3)) ((2 5 1) (4 0 8) (7 6 3)) 9 21)
  first node on open = (((2 1 0) (4 5 8) (7 6 3)) ((2 0 1) (4 5 8) (7 6 3)) 10 20)
  first node on open = (((2 1 3) (0 5 8) (4 6 7)) ((2 1 3) (5 0 8) (4 6 7)) 9 21)
  first node on open = (((2 1 3) (4 5 8) (0 6 7)) ((2 1 3) (0 5 8) (4 6 7)) 10 20)
  first node on open = (((5 4 1) (2 8 3) (7 0 6)) ((5 4 1) (2 0 3) (7 8 6)) 9 21)
  first node on open = (((5 4 1) (0 2 3) (7 8 6)) ((5 4 1) (2 0 3) (7 8 6)) 9 21)
  first node on open = (((5 4 1) (2 3 0) (7 8 6)) ((5 4 1) (2 0 3) (7 8 6)) 9 21)
  first node on open = (((5 4 1) (2 3 6) (7 8 0)) ((5 4 1) (2 3 0) (7 8 6)) 10 20)
  first node on open = (((4 2 5) (0 3 1) (7 8 6)) ((0 2 5) (4 3 1) (7 8 6)) 9 21)
  first node on open = (((2 3 5) (7 4 1) (8 0 6)) ((2 3 5) (7 4 1) (0 8 6)) 9 21)
  first node on open = (((2 3 5) (7 1 0) (8 4 6)) ((2 3 0) (7 1 5) (8 4 6)) 9 21)
  first node on open = (((2 3 5) (7 1 6) (8 4 0)) ((2 3 5) (7 1 0) (8 4 6)) 10 20)
  first node on open = (((7 2 3) (0 1 5) (8 4 6)) ((0 2 3) (7 1 5) (8 4 6)) 9 21)
  first node on open = (((7 2 3) (1 0 5) (8 4 6)) ((7 2 3) (0 1 5) (8 4 6)) 10 20)
  first node on open = (((2 5 1) (8 7 3) (4 0 6)) ((2 5 1) (8 0 3) (4 7 6)) 9 21)
  first node on open = (((2 0 1) (8 5 3) (4 7 6)) ((2 5 1) (8 0 3) (4 7 6)) 9 21)
  first node on open = (((2 5 1) (8 3 0) (4 7 6)) ((2 5 1) (8 0 3) (4 7 6)) 9 21)
  first node on open = (((2 5 1) (8 3 6) (4 7 0)) ((2 5 1) (8 3 0) (4 7 6)) 10 20)
  first node on open = (((4 2 5) (0 3 1) (7 8 6)) ((0 2 5) (4 3 1) (7 8 6)) 9 21)
  first node on open = (((5 2 1) (0 6 3) (4 7 8)) ((0 2 1) (5 6 3) (4 7 8)) 9 21)
  first node on open = (((5 2 1) (4 6 3) (0 7 8)) ((5 2 1) (0 6 3) (4 7 8)) 10 20)
  first node on open = (((2 6 1) (5 7 3) (4 0 8)) ((2 6 1) (5 0 3) (4 7 8)) 9 21)
  first node on open = (((2 6 1) (5 7 3) (4 8 0)) ((2 6 1) (5 7 3) (4 0 8)) 10 20)
  first node on open = (((2 6 1) (0 5 3) (4 7 8)) ((2 6 1) (5 0 3) (4 7 8)) 9 21)
  first node on open = (((2 6 1) (5 3 0) (4 7 8)) ((2 6 1) (5 0 3) (4 7 8)) 9 21)
  first node on open = (((4 2 6) (0 3 1) (7 5 8)) ((0 2 6) (4 3 1) (7 5 8)) 9 21)
  first node on open = (((2 3 6) (7 4 1) (5 0 8)) ((2 3 6) (7 4 1) (0 5 8)) 9 21)
  first node on open = (((2 3 6) (7 4 1) (5 8 0)) ((2 3 6) (7 4 1) (5 0 8)) 10 20)
  first node on open = (((2 3 6) (7 1 0) (5 4 8)) ((2 3 0) (7 1 6) (5 4 8)) 9 21)
  first node on open = (((7 2 3) (0 1 6) (5 4 8)) ((0 2 3) (7 1 6) (5 4 8)) 9 21)
  first node on open = (((7 2 3) (5 1 6) (0 4 8)) ((7 2 3) (0 1 6) (5 4 8)) 10 20)
  first node on open = (((7 2 3) (1 0 6) (5 4 8)) ((7 2 3) (0 1 6) (5 4 8)) 10 20)
  first node on open = (((2 3 8) (4 1 0) (7 6 5)) ((2 3 0) (4 1 8) (7 6 5)) 9 21)
  first node on open = (((2 3 8) (4 1 5) (7 6 0)) ((2 3 8) (4 1 0) (7 6 5)) 10 20)
  first node on open = (((4 2 3) (0 1 8) (7 6 5)) ((0 2 3) (4 1 8) (7 6 5)) 9 21)
  first node on open = (((2 1 3) (7 4 8) (6 0 5)) ((2 1 3) (7 4 8) (0 6 5)) 9 21)
  first node on open = (((2 1 3) (7 4 8) (6 5 0)) ((2 1 3) (7 4 8) (6 0 5)) 10 20)
  first node on open = (((4 2 1) (0 8 3) (7 6 5)) ((0 2 1) (4 8 3) (7 6 5)) 9 21)
  first node on open = (((2 8 1) (4 3 0) (7 6 5)) ((2 8 1) (4 0 3) (7 6 5)) 9 21)
  first node on open = (((2 8 1) (4 3 5) (7 6 0)) ((2 8 1) (4 3 0) (7 6 5)) 10 20)
  first node on open = (((2 1 3) (6 7 8) (4 0 5)) ((2 1 3) (6 0 8) (4 7 5)) 9 21)
  first node on open = (((2 1 3) (6 7 8) (4 5 0)) ((2 1 3) (6 7 8) (4 0 5)) 10 20)
  first node on open = (((2 3 8) (4 1 0) (7 6 5)) ((2 3 0) (4 1 8) (7 6 5)) 9 21)
  first node on open = (((4 2 3) (0 1 8) (7 6 5)) ((0 2 3) (4 1 8) (7 6 5)) 9 21)
  first node on open = (((2 1 3) (7 4 8) (6 0 5)) ((2 1 3) (7 4 8) (0 6 5)) 9 21)
  first node on open = (((2 3 5) (8 1 0) (4 7 6)) ((2 3 0) (8 1 5) (4 7 6)) 9 21)
  first node on open = (((2 3 5) (8 1 6) (4 7 0)) ((2 3 5) (8 1 0) (4 7 6)) 10 20)
  first node on open = (((8 2 3) (0 1 5) (4 7 6)) ((0 2 3) (8 1 5) (4 7 6)) 9 21)
  first node on open = (((8 2 3) (4 1 5) (0 7 6)) ((8 2 3) (0 1 5) (4 7 6)) 10 20)
  first node on open = (((8 2 3) (1 0 5) (4 7 6)) ((8 2 3) (0 1 5) (4 7 6)) 10 20)
  first node on open = (((2 6 1) (7 4 3) (5 0 8)) ((2 6 1) (7 4 3) (0 5 8)) 9 21)
  first node on open = (((2 6 1) (7 4 3) (5 8 0)) ((2 6 1) (7 4 3) (5 0 8)) 10 20)
  first node on open = (((1 0 5) (2 3 4) (7 8 6)) ((1 3 5) (2 0 4) (7 8 6)) 9 21)
  first node on open = (((1 5 0) (2 3 4) (7 8 6)) ((1 0 5) (2 3 4) (7 8 6)) 10 20)
  first node on open = (((1 4 3) (0 8 5) (2 7 6)) ((1 4 3) (2 8 5) (0 7 6)) 9 21)
  first node on open = (((1 0 6) (2 3 5) (4 7 8)) ((1 3 6) (2 0 5) (4 7 8)) 9 21)
  first node on open = (((1 5 3) (0 7 6) (2 4 8)) ((1 5 3) (2 7 6) (0 4 8)) 9 21)
  first node on open = (((1 5 3) (7 0 6) (2 4 8)) ((1 5 3) (0 7 6) (2 4 8)) 10 20)
  first node on open = (((1 0 5) (2 6 3) (4 7 8)) ((1 5 0) (2 6 3) (4 7 8)) 9 21)
  first node on open = (((1 0 6) (2 3 4) (7 5 8)) ((1 3 6) (2 0 4) (7 5 8)) 9 21)
  first node on open = (((1 0 4) (2 6 3) (7 5 8)) ((1 4 0) (2 6 3) (7 5 8)) 9 21)
  first node on open = (((4 0 3) (7 2 5) (8 1 6)) ((4 2 3) (7 0 5) (8 1 6)) 9 21)
  first node on open = (((4 2 3) (0 7 5) (8 1 6)) ((4 2 3) (7 0 5) (8 1 6)) 9 21)
  first node on open = (((4 2 1) (0 8 3) (5 7 6)) ((4 2 1) (5 8 3) (0 7 6)) 9 21)
  first node on open = (((4 0 2) (5 3 1) (7 8 6)) ((4 2 0) (5 3 1) (7 8 6)) 9 21)
  first node on open = (((4 3 2) (5 0 1) (7 8 6)) ((4 0 2) (5 3 1) (7 8 6)) 10 20)
  first node on open = (((4 0 1) (7 2 3) (8 5 6)) ((4 2 1) (7 0 3) (8 5 6)) 9 21)
  first node on open = (((4 1 0) (7 2 3) (8 5 6)) ((4 0 1) (7 2 3) (8 5 6)) 10 20)
  first node on open = (((4 2 1) (0 7 3) (8 5 6)) ((4 2 1) (7 0 3) (8 5 6)) 9 21)
  first node on open = (((4 0 3) (7 2 6) (5 1 8)) ((4 2 3) (7 0 6) (5 1 8)) 9 21)
  first node on open = (((4 2 3) (0 7 6) (5 1 8)) ((4 2 3) (7 0 6) (5 1 8)) 9 21)
  first node on open = (((4 2 3) (5 7 6) (0 1 8)) ((4 2 3) (0 7 6) (5 1 8)) 10 20)
  first node on open = (((2 0 3) (7 1 4) (5 8 6)) ((2 1 3) (7 0 4) (5 8 6)) 9 21)
  first node on open = (((2 1 3) (0 7 4) (5 8 6)) ((2 1 3) (7 0 4) (5 8 6)) 9 21)
  first node on open = (((2 1 3) (5 7 4) (0 8 6)) ((2 1 3) (0 7 4) (5 8 6)) 10 20)
  first node on open = (((2 0 1) (7 4 3) (5 8 6)) ((2 1 0) (7 4 3) (5 8 6)) 9 21)
  first node on open = (((2 0 3) (5 1 7) (4 8 6)) ((2 1 3) (5 0 7) (4 8 6)) 9 21)
  first node on open = (((2 0 1) (5 7 3) (4 8 6)) ((2 1 0) (5 7 3) (4 8 6)) 9 21)
  first node on open = (((2 5 1) (0 3 6) (4 7 8)) ((2 5 1) (4 3 6) (0 7 8)) 9 21)
  first node on open = (((2 5 1) (0 4 6) (7 3 8)) ((2 5 1) (4 0 6) (7 3 8)) 9 21)
  first node on open = (((2 3 5) (0 1 6) (4 7 8)) ((2 3 5) (4 1 6) (0 7 8)) 9 21)
  first node on open = (((2 3 5) (1 0 6) (4 7 8)) ((2 3 5) (0 1 6) (4 7 8)) 10 20)
  first node on open = (((2 0 5) (4 3 6) (7 1 8)) ((2 3 5) (4 0 6) (7 1 8)) 9 21)
  first node on open = (((2 5 0) (4 3 6) (7 1 8)) ((2 0 5) (4 3 6) (7 1 8)) 10 20)
  first node on open = (((2 3 5) (0 4 6) (7 1 8)) ((2 3 5) (4 0 6) (7 1 8)) 9 21)
  first node on open = (((2 6 1) (0 5 3) (4 7 8)) ((2 6 1) (4 5 3) (0 7 8)) 9 21)
  first node on open = (((2 0 1) (8 5 3) (4 7 6)) ((2 1 0) (8 5 3) (4 7 6)) 9 21)
  first node on open = (((2 3 6) (0 5 1) (4 7 8)) ((2 3 6) (4 5 1) (0 7 8)) 9 21)
  first node on open = (((2 0 1) (7 5 3) (8 4 6)) ((2 1 0) (7 5 3) (8 4 6)) 9 21)
  first node on open = (((2 3 5) (4 8 0) (7 6 1)) ((2 3 5) (4 8 1) (7 6 0)) 9 21)
  first node on open = (((2 1 3) (7 6 8) (5 0 4)) ((2 1 3) (7 6 8) (5 4 0)) 9 21)
  first node on open = (((2 1 3) (8 7 0) (4 6 5)) ((2 1 3) (8 7 5) (4 6 0)) 9 21)
  first node on open = (((4 0 1) (6 2 3) (7 5 8)) ((4 2 1) (6 0 3) (7 5 8)) 9 21)
  first node on open = (((4 1 0) (6 2 3) (7 5 8)) ((4 0 1) (6 2 3) (7 5 8)) 10 20)
  first node on open = (((2 6 1) (4 3 8) (7 0 5)) ((2 6 1) (4 3 8) (7 5 0)) 9 21)
  first node on open = (((2 5 1) (7 4 0) (8 6 3)) ((2 5 1) (7 4 3) (8 6 0)) 9 21)
  first node on open = (((2 3 6) (5 1 8) (4 0 7)) ((2 3 6) (5 1 8) (4 7 0)) 9 21)
  first node on open = (((2 1 3) (7 6 8) (0 5 4)) ((2 1 3) (7 6 8) (5 0 4)) 10 22)
  first node on open = (((2 3 0) (4 8 5) (7 6 1)) ((2 3 5) (4 8 0) (7 6 1)) 10 22)
  first node on open = (((0 2 1) (7 5 3) (8 4 6)) ((2 0 1) (7 5 3) (8 4 6)) 10 22)
  first node on open = (((0 2 1) (8 5 3) (4 7 6)) ((2 0 1) (8 5 3) (4 7 6)) 10 22)
  first node on open = (((2 3 5) (7 4 6) (0 1 8)) ((2 3 5) (0 4 6) (7 1 8)) 10 22)
  first node on open = (((0 2 5) (4 3 6) (7 1 8)) ((2 0 5) (4 3 6) (7 1 8)) 10 22)
  first node on open = (((2 5 1) (7 4 6) (0 3 8)) ((2 5 1) (0 4 6) (7 3 8)) 10 22)
  first node on open = (((2 5 1) (3 0 6) (4 7 8)) ((2 5 1) (0 3 6) (4 7 8)) 10 22)
  first node on open = (((2 7 1) (5 0 3) (4 8 6)) ((2 0 1) (5 7 3) (4 8 6)) 10 22)
  first node on open = (((0 2 1) (5 7 3) (4 8 6)) ((2 0 1) (5 7 3) (4 8 6)) 10 22)
  first node on open = (((0 2 3) (5 1 7) (4 8 6)) ((2 0 3) (5 1 7) (4 8 6)) 10 22)
  first node on open = (((2 3 0) (5 1 7) (4 8 6)) ((2 0 3) (5 1 7) (4 8 6)) 10 22)
  first node on open = (((2 4 1) (7 0 3) (5 8 6)) ((2 0 1) (7 4 3) (5 8 6)) 10 22)
  first node on open = (((0 2 1) (7 4 3) (5 8 6)) ((2 0 1) (7 4 3) (5 8 6)) 10 22)
  first node on open = (((0 2 3) (7 1 4) (5 8 6)) ((2 0 3) (7 1 4) (5 8 6)) 10 22)
  first node on open = (((2 3 0) (7 1 4) (5 8 6)) ((2 0 3) (7 1 4) (5 8 6)) 10 22)
  first node on open = (((0 2 3) (4 7 6) (5 1 8)) ((4 2 3) (0 7 6) (5 1 8)) 10 22)
  first node on open = (((4 3 0) (7 2 6) (5 1 8)) ((4 0 3) (7 2 6) (5 1 8)) 10 22)
  first node on open = (((4 2 1) (8 7 3) (0 5 6)) ((4 2 1) (0 7 3) (8 5 6)) 10 22)
  first node on open = (((0 2 1) (4 7 3) (8 5 6)) ((4 2 1) (0 7 3) (8 5 6)) 10 22)
  first node on open = (((0 2 1) (4 8 3) (5 7 6)) ((4 2 1) (0 8 3) (5 7 6)) 10 22)
  first node on open = (((4 2 1) (8 0 3) (5 7 6)) ((4 2 1) (0 8 3) (5 7 6)) 10 22)
  first node on open = (((4 2 3) (8 7 5) (0 1 6)) ((4 2 3) (0 7 5) (8 1 6)) 10 22)
  first node on open = (((0 2 3) (4 7 5) (8 1 6)) ((4 2 3) (0 7 5) (8 1 6)) 10 22)
  first node on open = (((4 3 0) (7 2 5) (8 1 6)) ((4 0 3) (7 2 5) (8 1 6)) 10 22)
  first node on open = (((1 6 4) (2 0 3) (7 5 8)) ((1 0 4) (2 6 3) (7 5 8)) 10 22)
  first node on open = (((1 6 0) (2 3 4) (7 5 8)) ((1 0 6) (2 3 4) (7 5 8)) 10 22)
  first node on open = (((1 6 5) (2 0 3) (4 7 8)) ((1 0 5) (2 6 3) (4 7 8)) 10 22)
  first node on open = (((1 6 0) (2 3 5) (4 7 8)) ((1 0 6) (2 3 5) (4 7 8)) 10 22)
  first node on open = (((1 4 3) (8 0 5) (2 7 6)) ((1 4 3) (0 8 5) (2 7 6)) 10 22)
  first node on open = (((4 2 3) (7 1 8) (0 6 5)) ((4 2 3) (0 1 8) (7 6 5)) 10 22)
  first node on open = (((4 2 1) (7 8 3) (0 6 5)) ((4 2 1) (0 8 3) (7 6 5)) 10 22)
  first node on open = (((4 2 1) (8 0 3) (7 6 5)) ((4 2 1) (0 8 3) (7 6 5)) 10 22)
  first node on open = (((4 2 3) (7 1 8) (0 6 5)) ((4 2 3) (0 1 8) (7 6 5)) 10 22)
  first node on open = (((2 3 6) (7 1 8) (5 4 0)) ((2 3 6) (7 1 0) (5 4 8)) 10 22)
  first node on open = (((4 2 6) (7 3 1) (0 5 8)) ((4 2 6) (0 3 1) (7 5 8)) 10 22)
  first node on open = (((4 2 6) (3 0 1) (7 5 8)) ((4 2 6) (0 3 1) (7 5 8)) 10 22)
  first node on open = (((2 6 1) (5 3 8) (4 7 0)) ((2 6 1) (5 3 0) (4 7 8)) 10 22)
  first node on open = (((5 2 1) (6 0 3) (4 7 8)) ((5 2 1) (0 6 3) (4 7 8)) 10 22)
  first node on open = (((4 2 5) (7 3 1) (0 8 6)) ((4 2 5) (0 3 1) (7 8 6)) 10 22)
  first node on open = (((4 2 5) (3 0 1) (7 8 6)) ((4 2 5) (0 3 1) (7 8 6)) 10 22)
  first node on open = (((0 2 1) (8 5 3) (4 7 6)) ((2 0 1) (8 5 3) (4 7 6)) 10 22)
  first node on open = (((2 5 1) (8 7 3) (4 6 0)) ((2 5 1) (8 7 3) (4 0 6)) 10 22)
  first node on open = (((7 2 3) (8 1 5) (0 4 6)) ((7 2 3) (0 1 5) (8 4 6)) 10 22)
  first node on open = (((2 3 5) (7 4 1) (8 6 0)) ((2 3 5) (7 4 1) (8 0 6)) 10 22)
  first node on open = (((4 2 5) (7 3 1) (0 8 6)) ((4 2 5) (0 3 1) (7 8 6)) 10 22)
  first node on open = (((4 2 5) (3 0 1) (7 8 6)) ((4 2 5) (0 3 1) (7 8 6)) 10 22)
  first node on open = (((5 4 1) (7 2 3) (0 8 6)) ((5 4 1) (0 2 3) (7 8 6)) 10 22)
  first node on open = (((5 4 1) (2 8 3) (7 6 0)) ((5 4 1) (2 8 3) (7 0 6)) 10 22)
  first node on open = (((0 2 1) (4 5 8) (7 6 3)) ((2 0 1) (4 5 8) (7 6 3)) 10 22)
  first node on open = (((5 4 1) (7 2 3) (0 8 6)) ((5 4 1) (0 2 3) (7 8 6)) 10 22)
  first node on open = (((0 2 1) (7 5 3) (8 4 6)) ((2 0 1) (7 5 3) (8 4 6)) 10 22)
  first node on open = (((2 5 1) (4 6 8) (0 7 3)) ((2 5 1) (4 6 8) (7 0 3)) 10 22)
  first node on open = (((2 1 0) (5 8 3) (4 6 7)) ((2 1 3) (5 8 0) (4 6 7)) 10 22)
  first node on open = (((2 8 1) (4 6 3) (0 7 5)) ((2 8 1) (4 6 3) (7 0 5)) 10 22)
  first node on open = (((2 1 0) (6 8 3) (4 7 5)) ((2 1 3) (6 8 0) (4 7 5)) 10 22)
  first node on open = (((0 6 1) (2 4 3) (7 5 8)) ((2 6 1) (0 4 3) (7 5 8)) 8 22)
  first node on open = (((4 2 0) (7 5 1) (8 6 3)) ((4 2 1) (7 5 0) (8 6 3)) 10 22)
  first node on open = (((4 2 1) (7 0 5) (8 6 3)) ((4 2 1) (7 5 0) (8 6 3)) 10 22)
  first node on open = (((4 2 0) (5 8 1) (7 6 3)) ((4 2 1) (5 8 0) (7 6 3)) 10 22)
  first node on open = (((4 2 1) (5 0 8) (7 6 3)) ((4 2 1) (5 8 0) (7 6 3)) 10 22)
  first node on open = (((4 2 0) (7 1 3) (8 6 5)) ((4 2 3) (7 1 0) (8 6 5)) 10 22)
  first node on open = (((4 2 3) (7 0 1) (8 6 5)) ((4 2 3) (7 1 0) (8 6 5)) 10 22)
  first node on open = (((1 4 3) (2 0 8) (7 6 5)) ((1 4 3) (2 6 8) (7 0 5)) 10 22)
  first node on open = (((1 4 3) (2 6 8) (0 7 5)) ((1 4 3) (2 6 8) (7 0 5)) 10 22)
  first node on open = (((1 3 6) (2 0 8) (7 4 5)) ((1 3 6) (2 4 8) (7 0 5)) 10 22)
  first node on open = (((1 3 6) (2 4 8) (0 7 5)) ((1 3 6) (2 4 8) (7 0 5)) 10 22)
  first node on open = (((1 5 3) (2 0 8) (4 6 7)) ((1 5 3) (2 6 8) (4 0 7)) 10 22)
  first node on open = (((1 5 3) (2 6 8) (0 4 7)) ((1 5 3) (2 6 8) (4 0 7)) 10 22)
  first node on open = (((1 3 6) (2 0 8) (4 5 7)) ((1 3 6) (2 5 8) (4 0 7)) 10 22)
  first node on open = (((1 3 6) (2 5 8) (0 4 7)) ((1 3 6) (2 5 8) (4 0 7)) 10 22)
  first node on open = (((1 4 0) (2 8 3) (7 6 5)) ((1 4 3) (2 8 0) (7 6 5)) 10 22)
  first node on open = (((1 4 3) (2 0 8) (7 6 5)) ((1 4 3) (2 8 0) (7 6 5)) 10 22)
  first node on open = (((0 1 4) (2 5 3) (7 8 6)) ((1 0 4) (2 5 3) (7 8 6)) 10 22)
  first node on open = (((0 4 3) (1 5 6) (2 7 8)) ((1 4 3) (0 5 6) (2 7 8)) 10 22)
  first node on open = (((0 1 3) (2 4 8) (7 6 5)) ((2 1 3) (0 4 8) (7 6 5)) 8 22)
  first node on open = (((1 0 3) (2 4 8) (7 6 5)) ((0 1 3) (2 4 8) (7 6 5)) 9 21)
  first node on open = (((1 3 0) (2 4 8) (7 6 5)) ((1 0 3) (2 4 8) (7 6 5)) 10 22)
  first node on open = (((0 1 3) (2 6 8) (4 7 5)) ((2 1 3) (0 6 8) (4 7 5)) 8 22)
  first node on open = (((1 0 3) (2 6 8) (4 7 5)) ((0 1 3) (2 6 8) (4 7 5)) 9 21)
  first node on open = (((1 6 3) (2 0 8) (4 7 5)) ((1 0 3) (2 6 8) (4 7 5)) 10 22)
  first node on open = (((1 3 0) (2 6 8) (4 7 5)) ((1 0 3) (2 6 8) (4 7 5)) 10 22)
  first node on open = (((0 1 3) (2 4 8) (7 6 5)) ((2 1 3) (0 4 8) (7 6 5)) 8 22)
  first node on open = (((0 1 3) (2 7 6) (5 4 8)) ((2 1 3) (0 7 6) (5 4 8)) 8 22)
  first node on open = (((1 0 3) (2 7 6) (5 4 8)) ((0 1 3) (2 7 6) (5 4 8)) 9 21)
  first node on open = (((1 7 3) (2 0 6) (5 4 8)) ((1 0 3) (2 7 6) (5 4 8)) 10 22)
  first node on open = (((1 3 0) (2 7 6) (5 4 8)) ((1 0 3) (2 7 6) (5 4 8)) 10 22)
  first node on open = (((0 4 2) (1 6 3) (7 5 8)) ((4 0 2) (1 6 3) (7 5 8)) 10 22)
  first node on open = (((0 3 6) (2 4 1) (7 5 8)) ((2 3 6) (0 4 1) (7 5 8)) 8 22)
  first node on open = (((0 1 3) (2 7 6) (5 4 8)) ((2 1 3) (0 7 6) (5 4 8)) 8 22)
  first node on open = (((0 5 1) (2 8 3) (4 7 6)) ((2 5 1) (0 8 3) (4 7 6)) 8 22)
  first node on open = (((0 1 3) (2 7 5) (8 4 6)) ((2 1 3) (0 7 5) (8 4 6)) 8 22)
  first node on open = (((1 0 3) (2 7 5) (8 4 6)) ((0 1 3) (2 7 5) (8 4 6)) 9 21)
  first node on open = (((1 7 3) (2 0 5) (8 4 6)) ((1 0 3) (2 7 5) (8 4 6)) 10 22)
  first node on open = (((1 3 0) (2 7 5) (8 4 6)) ((1 0 3) (2 7 5) (8 4 6)) 10 22)
  first node on open = (((0 3 5) (2 4 1) (7 8 6)) ((2 3 5) (0 4 1) (7 8 6)) 8 22)
  first node on open = (((4 2 1) (7 0 3) (5 6 8)) ((4 2 1) (7 6 3) (5 0 8)) 10 22)
  first node on open = (((4 2 0) (6 3 1) (7 5 8)) ((4 2 1) (6 3 0) (7 5 8)) 10 22)
  first node on open = (((0 8 3) (1 2 5) (4 7 6)) ((1 8 3) (0 2 5) (4 7 6)) 10 22)
  first node on open = (((1 8 3) (2 7 5) (0 4 6)) ((1 8 3) (2 7 5) (4 0 6)) 10 22)
  first node on open = (((1 3 5) (2 0 8) (4 7 6)) ((1 3 5) (2 8 0) (4 7 6)) 10 22)
  first node on open = (((2 5 0) (4 6 1) (7 3 8)) ((2 5 1) (4 6 0) (7 3 8)) 10 22)
  first node on open = (((0 1 3) (2 5 7) (4 8 6)) ((2 1 3) (0 5 7) (4 8 6)) 10 22)
  first node on open = (((2 1 3) (5 8 7) (0 4 6)) ((2 1 3) (5 8 7) (4 0 6)) 10 22)
  first node on open = (((4 2 0) (7 6 3) (5 1 8)) ((4 2 3) (7 6 0) (5 1 8)) 10 22)
  first node on open = (((4 2 0) (7 3 1) (8 5 6)) ((4 2 1) (7 3 0) (8 5 6)) 10 22)
  first node on open = (((0 3 6) (1 2 4) (7 5 8)) ((1 3 6) (0 2 4) (7 5 8)) 10 22)
  first node on open = (((0 3 6) (1 2 5) (4 7 8)) ((1 3 6) (0 2 5) (4 7 8)) 10 22)
  first node on open = (((1 3 6) (2 7 5) (0 4 8)) ((1 3 6) (2 7 5) (4 0 8)) 10 22)
  first node on open = (((0 3 5) (1 2 4) (7 8 6)) ((1 3 5) (0 2 4) (7 8 6)) 10 22)
  first node on open = (((1 3 5) (2 8 4) (0 7 6)) ((1 3 5) (2 8 4) (7 0 6)) 10 22)
  first node on open = (((3 0 5) (2 4 1) (7 8 6)) ((0 3 5) (2 4 1) (7 8 6)) 9 23)
  first node on open = (((3 5 0) (2 4 1) (7 8 6)) ((3 0 5) (2 4 1) (7 8 6)) 10 22)
  first node on open = (((5 0 1) (2 8 3) (4 7 6)) ((0 5 1) (2 8 3) (4 7 6)) 9 23)
  first node on open = (((5 1 0) (2 8 3) (4 7 6)) ((5 0 1) (2 8 3) (4 7 6)) 10 22)
  first node on open = (((3 0 6) (2 4 1) (7 5 8)) ((0 3 6) (2 4 1) (7 5 8)) 9 23)
  first node on open = (((6 0 1) (2 4 3) (7 5 8)) ((0 6 1) (2 4 3) (7 5 8)) 9 23)
  first node on open = (((6 1 0) (2 4 3) (7 5 8)) ((6 0 1) (2 4 3) (7 5 8)) 10 22)
  first node on open = (((2 3 5) (0 8 1) (4 7 6)) ((2 3 5) (4 8 1) (0 7 6)) 9 23)
  first node on open = (((2 0 1) (7 6 3) (5 4 8)) ((2 1 0) (7 6 3) (5 4 8)) 9 23)
  first node on open = (((2 5 1) (0 7 3) (8 4 6)) ((2 5 1) (7 0 3) (8 4 6)) 9 23)
  first node on open = (((2 0 6) (5 3 1) (4 7 8)) ((2 3 6) (5 0 1) (4 7 8)) 9 23)
  first node on open = (((2 0 3) (7 1 4) (8 6 5)) ((2 1 3) (7 0 4) (8 6 5)) 9 23)
  first node on open = (((2 1 3) (0 7 4) (8 6 5)) ((2 1 3) (7 0 4) (8 6 5)) 9 23)
  first node on open = (((2 0 1) (7 4 3) (8 6 5)) ((2 1 0) (7 4 3) (8 6 5)) 9 23)
  first node on open = (((2 5 1) (0 4 8) (7 6 3)) ((2 5 1) (4 0 8) (7 6 3)) 9 23)
  first node on open = (((2 0 5) (4 8 1) (7 6 3)) ((2 5 0) (4 8 1) (7 6 3)) 9 23)
  first node on open = (((2 1 3) (0 6 8) (5 4 7)) ((2 1 3) (5 6 8) (0 4 7)) 9 23)
  first node on open = (((2 0 3) (5 1 8) (4 6 7)) ((2 1 3) (5 0 8) (4 6 7)) 9 23)
  first node on open = (((2 3 6) (0 1 8) (4 7 5)) ((2 3 6) (4 1 8) (0 7 5)) 9 23)
  first node on open = (((2 3 6) (1 0 8) (4 7 5)) ((2 3 6) (0 1 8) (4 7 5)) 10 22)
  first node on open = (((2 0 6) (4 3 8) (7 1 5)) ((2 3 6) (4 0 8) (7 1 5)) 9 23)
  first node on open = (((2 3 6) (0 4 8) (7 1 5)) ((2 3 6) (4 0 8) (7 1 5)) 9 23)
  first node on open = (((2 8 1) (0 4 3) (7 6 5)) ((2 8 1) (4 0 3) (7 6 5)) 9 23)
  first node on open = (((2 0 3) (6 1 8) (4 7 5)) ((2 1 3) (6 0 8) (4 7 5)) 9 23)
  first node on open = (((0 2 3) (6 1 8) (4 7 5)) ((2 0 3) (6 1 8) (4 7 5)) 10 24)
  first node on open = (((2 3 0) (6 1 8) (4 7 5)) ((2 0 3) (6 1 8) (4 7 5)) 10 24)
  first node on open = (((2 8 1) (7 4 3) (0 6 5)) ((2 8 1) (0 4 3) (7 6 5)) 10 24)
  first node on open = (((2 3 6) (7 4 8) (0 1 5)) ((2 3 6) (0 4 8) (7 1 5)) 10 24)
  first node on open = (((0 2 6) (4 3 8) (7 1 5)) ((2 0 6) (4 3 8) (7 1 5)) 10 24)
  first node on open = (((2 6 0) (4 3 8) (7 1 5)) ((2 0 6) (4 3 8) (7 1 5)) 10 24)
  first node on open = (((0 2 3) (5 1 8) (4 6 7)) ((2 0 3) (5 1 8) (4 6 7)) 10 24)
  first node on open = (((2 3 0) (5 1 8) (4 6 7)) ((2 0 3) (5 1 8) (4 6 7)) 10 24)
  first node on open = (((2 1 3) (6 0 8) (5 4 7)) ((2 1 3) (0 6 8) (5 4 7)) 10 24)
  first node on open = (((2 8 5) (4 0 1) (7 6 3)) ((2 0 5) (4 8 1) (7 6 3)) 10 24)
  first node on open = (((0 2 5) (4 8 1) (7 6 3)) ((2 0 5) (4 8 1) (7 6 3)) 10 24)
  first node on open = (((2 5 1) (7 4 8) (0 6 3)) ((2 5 1) (0 4 8) (7 6 3)) 10 24)
  first node on open = (((2 4 1) (7 0 3) (8 6 5)) ((2 0 1) (7 4 3) (8 6 5)) 10 24)
  first node on open = (((0 2 1) (7 4 3) (8 6 5)) ((2 0 1) (7 4 3) (8 6 5)) 10 24)
  first node on open = (((2 1 3) (8 7 4) (0 6 5)) ((2 1 3) (0 7 4) (8 6 5)) 10 24)
  first node on open = (((0 2 3) (7 1 4) (8 6 5)) ((2 0 3) (7 1 4) (8 6 5)) 10 24)
  first node on open = (((2 3 0) (7 1 4) (8 6 5)) ((2 0 3) (7 1 4) (8 6 5)) 10 24)
  first node on open = (((0 2 6) (5 3 1) (4 7 8)) ((2 0 6) (5 3 1) (4 7 8)) 10 24)
  first node on open = (((2 6 0) (5 3 1) (4 7 8)) ((2 0 6) (5 3 1) (4 7 8)) 10 24)
  first node on open = (((2 5 1) (8 7 3) (0 4 6)) ((2 5 1) (0 7 3) (8 4 6)) 10 24)
  first node on open = (((2 6 1) (7 0 3) (5 4 8)) ((2 0 1) (7 6 3) (5 4 8)) 10 24)
  first node on open = (((0 2 1) (7 6 3) (5 4 8)) ((2 0 1) (7 6 3) (5 4 8)) 10 24)
  first node on open = (((2 3 5) (8 0 1) (4 7 6)) ((2 3 5) (0 8 1) (4 7 6)) 10 24)
  first node on open = (((6 4 1) (2 0 3) (7 5 8)) ((6 0 1) (2 4 3) (7 5 8)) 10 24)
  first node on open = (((3 4 6) (2 0 1) (7 5 8)) ((3 0 6) (2 4 1) (7 5 8)) 10 24)
  first node on open = (((3 6 0) (2 4 1) (7 5 8)) ((3 0 6) (2 4 1) (7 5 8)) 10 24)
  first node on open = (((5 8 1) (2 0 3) (4 7 6)) ((5 0 1) (2 8 3) (4 7 6)) 10 24)
  first node on open = (((3 4 5) (2 0 1) (7 8 6)) ((3 0 5) (2 4 1) (7 8 6)) 10 24)
  first node on open = (((2 3 6) (5 0 8) (4 1 7)) ((2 3 6) (5 1 8) (4 0 7)) 10 24)
  first node on open = (((2 3 6) (5 1 8) (0 4 7)) ((2 3 6) (5 1 8) (4 0 7)) 10 24)
  first node on open = (((2 5 0) (7 4 1) (8 6 3)) ((2 5 1) (7 4 0) (8 6 3)) 10 24)
  first node on open = (((2 5 1) (7 0 4) (8 6 3)) ((2 5 1) (7 4 0) (8 6 3)) 10 24)
  first node on open = (((2 6 1) (4 0 8) (7 3 5)) ((2 6 1) (4 3 8) (7 0 5)) 10 24)
  first node on open = (((2 6 1) (4 3 8) (0 7 5)) ((2 6 1) (4 3 8) (7 0 5)) 10 24)
  first node on open = (((0 4 1) (6 2 3) (7 5 8)) ((4 0 1) (6 2 3) (7 5 8)) 10 24)
  first node on open = (((2 1 0) (8 7 3) (4 6 5)) ((2 1 3) (8 7 0) (4 6 5)) 10 24)
  first node on open = (((2 1 3) (8 0 7) (4 6 5)) ((2 1 3) (8 7 0) (4 6 5)) 10 24)
  first node on open = (((2 1 3) (7 0 8) (5 6 4)) ((2 1 3) (7 6 8) (5 0 4)) 10 24)
  first node on open = (((2 3 5) (4 0 8) (7 6 1)) ((2 3 5) (4 8 0) (7 6 1)) 10 24)
  first node on open = (((0 3 6) (2 5 1) (4 7 8)) ((2 3 6) (0 5 1) (4 7 8)) 10 24)
  first node on open = (((0 6 1) (2 5 3) (4 7 8)) ((2 6 1) (0 5 3) (4 7 8)) 10 24)
  first node on open = (((0 3 5) (2 4 6) (7 1 8)) ((2 3 5) (0 4 6) (7 1 8)) 10 24)
  first node on open = (((0 3 5) (2 1 6) (4 7 8)) ((2 3 5) (0 1 6) (4 7 8)) 10 24)
  first node on open = (((0 5 1) (2 4 6) (7 3 8)) ((2 5 1) (0 4 6) (7 3 8)) 10 24)
  first node on open = (((0 5 1) (2 3 6) (4 7 8)) ((2 5 1) (0 3 6) (4 7 8)) 10 24)
  first node on open = (((0 1 3) (2 7 4) (5 8 6)) ((2 1 3) (0 7 4) (5 8 6)) 10 24)
  first node on open = (((0 4 3) (7 2 6) (5 1 8)) ((4 0 3) (7 2 6) (5 1 8)) 10 24)
  first node on open = (((0 4 1) (7 2 3) (8 5 6)) ((4 0 1) (7 2 3) (8 5 6)) 10 24)
  first node on open = (((0 4 2) (5 3 1) (7 8 6)) ((4 0 2) (5 3 1) (7 8 6)) 10 24)
  first node on open = (((0 4 3) (7 2 5) (8 1 6)) ((4 0 3) (7 2 5) (8 1 6)) 10 24)
  first node on open = (((0 1 4) (2 6 3) (7 5 8)) ((1 0 4) (2 6 3) (7 5 8)) 10 24)
  first node on open = (((0 1 6) (2 3 4) (7 5 8)) ((1 0 6) (2 3 4) (7 5 8)) 10 24)
  first node on open = (((0 1 5) (2 6 3) (4 7 8)) ((1 0 5) (2 6 3) (4 7 8)) 10 24)
  first node on open = (((0 5 3) (1 7 6) (2 4 8)) ((1 5 3) (0 7 6) (2 4 8)) 10 24)
  first node on open = (((0 1 6) (2 3 5) (4 7 8)) ((1 0 6) (2 3 5) (4 7 8)) 10 24)
  first node on open = (((0 4 3) (1 8 5) (2 7 6)) ((1 4 3) (0 8 5) (2 7 6)) 10 24)
  first node on open = (((0 1 5) (2 3 4) (7 8 6)) ((1 0 5) (2 3 4) (7 8 6)) 10 24)
  first node on open = (((2 6 1) (7 0 3) (5 4 8)) ((2 6 1) (7 4 3) (5 0 8)) 10 24)
  first node on open = (((2 3 5) (8 0 1) (4 7 6)) ((2 3 5) (8 1 0) (4 7 6)) 10 24)
  first node on open = (((2 1 3) (7 0 8) (6 4 5)) ((2 1 3) (7 4 8) (6 0 5)) 10 24)
  first node on open = (((2 3 8) (4 0 1) (7 6 5)) ((2 3 8) (4 1 0) (7 6 5)) 10 24)
  first node on open = (((2 1 3) (6 7 8) (0 4 5)) ((2 1 3) (6 7 8) (4 0 5)) 10 24)
  first node on open = (((2 8 0) (4 3 1) (7 6 5)) ((2 8 1) (4 3 0) (7 6 5)) 10 24)
  first node on open = (((2 1 3) (7 0 8) (6 4 5)) ((2 1 3) (7 4 8) (6 0 5)) 10 24)
  first node on open = (((2 3 8) (4 0 1) (7 6 5)) ((2 3 8) (4 1 0) (7 6 5)) 10 24)
  first node on open = (((2 3 6) (7 0 1) (5 4 8)) ((2 3 6) (7 1 0) (5 4 8)) 10 24)
  first node on open = (((2 3 6) (7 0 1) (5 4 8)) ((2 3 6) (7 4 1) (5 0 8)) 10 24)
  first node on open = (((2 6 0) (5 3 1) (4 7 8)) ((2 6 1) (5 3 0) (4 7 8)) 10 24)
  first node on open = (((0 6 1) (2 5 3) (4 7 8)) ((2 6 1) (0 5 3) (4 7 8)) 10 24)
  first node on open = (((2 6 1) (5 7 3) (0 4 8)) ((2 6 1) (5 7 3) (4 0 8)) 10 24)
  first node on open = (((2 5 0) (8 3 1) (4 7 6)) ((2 5 1) (8 3 0) (4 7 6)) 10 24)
  first node on open = (((2 5 1) (8 7 3) (0 4 6)) ((2 5 1) (8 7 3) (4 0 6)) 10 24)
  first node on open = (((2 3 5) (7 0 1) (8 4 6)) ((2 3 5) (7 1 0) (8 4 6)) 10 24)
  first node on open = (((2 3 5) (7 0 1) (8 4 6)) ((2 3 5) (7 4 1) (8 0 6)) 10 24)
  first node on open = (((5 4 0) (2 3 1) (7 8 6)) ((5 4 1) (2 3 0) (7 8 6)) 10 24)
  first node on open = (((5 4 1) (2 8 3) (0 7 6)) ((5 4 1) (2 8 3) (7 0 6)) 10 24)
  first node on open = (((0 1 3) (2 5 8) (4 6 7)) ((2 1 3) (0 5 8) (4 6 7)) 10 24)
  first node on open = (((0 3 6) (2 5 1) (4 7 8)) ((2 3 6) (0 5 1) (4 7 8)) 10 24)
  first node on open = (((2 3 6) (5 7 1) (0 4 8)) ((2 3 6) (5 7 1) (4 0 8)) 10 24)
  first node on open = (((2 5 0) (7 3 1) (8 4 6)) ((2 5 1) (7 3 0) (8 4 6)) 10 24)
  first node on open = (((0 8 1) (2 4 3) (7 6 5)) ((2 8 1) (0 4 3) (7 6 5)) 10 26)
  first node on open = (((0 3 6) (2 4 8) (7 1 5)) ((2 3 6) (0 4 8) (7 1 5)) 10 26)
  first node on open = (((0 3 6) (2 1 8) (4 7 5)) ((2 3 6) (0 1 8) (4 7 5)) 10 26)
  first node on open = (((0 1 3) (2 6 8) (5 4 7)) ((2 1 3) (0 6 8) (5 4 7)) 10 26)
  first node on open = (((0 5 1) (2 4 8) (7 6 3)) ((2 5 1) (0 4 8) (7 6 3)) 10 26)
  first node on open = (((0 1 3) (2 7 4) (8 6 5)) ((2 1 3) (0 7 4) (8 6 5)) 10 26)
  first node on open = (((0 5 1) (2 7 3) (8 4 6)) ((2 5 1) (0 7 3) (8 4 6)) 10 26)
  first node on open = (((0 3 5) (2 8 1) (4 7 6)) ((2 3 5) (0 8 1) (4 7 6)) 10 26)

  Could not reach the goal: ((1 2 3) (4 5 6) (7 8 0))
  Depth limit: 10

  ********************
  either, this puzzle does not have a solution 
  or, you need to increase the depth limit 

  NIL
