## ###################################
##  This transcript is created by Ehsan Kourkchi
##  to test the code "ehsan20.HW06.B.Astar.15puzzle.pl"
##  To do the Assignment 6 ---  ICS361
##  Computer Science, University of Hawaii
##  December 2015
##  Email: ekourkchi@gmail.com
## ###################################

--------------------------------------------------------------------------
---- EASY ----  EASY ----  EASY ----  EASY ----  EASY ----  EASY ---- 
--------------------------------------------------------------------------

  13 | 9  |  7 | 15             13 |    |  9 | 15
   3 | 6  |  8 |  4    --->      3 |  6 |  7 |  4    (5 moves)(closed 5)(open 7)
  11 | 10 |  2 | 12             11 | 10 |  8 | 12
   5 |  1 | 14 |                 5 |  1 |  2 | 14
   
?- astar([13, 9, 7, 15, 3, 6, 8, 4, 11, 10, 2, 12, 5, 1, 14, 0], [13, 0, 9, 15, 3, 6, 7, 4, 11, 10, 8, 12, 5, 1, 2, 14], Solution).


 first node on open = (13 9 7 15 3 6 8 4 11 10 2 12 5 1 14 0 ) NIL level: 0 F: 10 
 first node on open = (13 9 7 15 3 6 8 4 11 10 2 12 5 1 0 14 )  (13 9 7 15 3 6 8 4 11 10 2 12 5 1 14 0 ) level: 1 F: 9 
 first node on open = (13 9 7 15 3 6 8 4 11 10 0 12 5 1 2 14 )  (13 9 7 15 3 6 8 4 11 10 2 12 5 1 0 14 ) level: 2 F: 8 
 first node on open = (13 9 7 15 3 6 0 4 11 10 8 12 5 1 2 14 )  (13 9 7 15 3 6 8 4 11 10 0 12 5 1 2 14 ) level: 3 F: 7 
 first node on open = (13 9 0 15 3 6 7 4 11 10 8 12 5 1 2 14 )  (13 9 7 15 3 6 0 4 11 10 8 12 5 1 2 14 ) level: 4 F: 6 
 first node on open = (13 0 9 15 3 6 7 4 11 10 8 12 5 1 2 14 )  (13 9 0 15 3 6 7 4 11 10 8 12 5 1 2 14 ) level: 5 F: 5 

 Hooraay ! :) 
 length of closed = : 5 
 length of open = 7 

 # of Moves: 5 

 13 9 7 15 
 3 6 8 4 
 11 10 2 12                                                                                                                                          
 5 1 14 0                                                                                                                                            
                                                                                                                                                     
 13 9 7 15                                                                                                                                           
 3 6 8 4                                                                                                                                             
 11 10 2 12 
 5 1 0 14 

 13 9 7 15 
 3 6 8 4 
 11 10 0 12 
 5 1 2 14 

 13 9 7 15 
 3 6 0 4 
 11 10 8 12 
 5 1 2 14 

 13 9 0 15 
 3 6 7 4 
 11 10 8 12 
 5 1 2 14 

 13 0 9 15 
 3 6 7 4 
 11 10 8 12 
 5 1 2 14 
 
Solution = [[13, 9, 7, 15, 3, 6, 8, 4|...], [13, 9, 7, 15, 3, 6, 8|...], [13, 9, 7, 15, 3, 6|...], [13, 9, 7, 15, 3|...], [13, 9, 0, 15|...], [13, 0, 9|...]].



--------------------------------------------------------------------------
---- HARD ----  HARD ---- HARD ---- HARD ---- HARD ---- HARD ---- HARD ---
--------------------------------------------------------------------------

  13 | 9  |  7 | 15              3 | 13 |  9 | 15
   3 | 6  |  8 |  4    --->     11 |  6 |  7 |  4    (9 moves)(closed 11)(open 14)
  11 | 10 |  2 | 12             10 |    |  8 | 12
   5 |  1 | 14 |                 5 |  1 |  2 | 14

?- astar([13, 9, 7, 15, 3, 6, 8, 4, 11, 10, 2, 12, 5, 1, 14, 0], [3, 13, 9, 15, 11, 6, 7, 4, 10, 0, 8, 12, 5, 1, 2, 14], Solution).


 first node on open = (13 9 7 15 3 6 8 4 11 10 2 12 5 1 14 0 ) NIL level: 0 F: 12 
 first node on open = (13 9 7 15 3 6 8 4 11 10 2 12 5 1 0 14 )  (13 9 7 15 3 6 8 4 11 10 2 12 5 1 14 0 ) level: 1 F: 11 
 first node on open = (13 9 7 15 3 6 8 4 11 10 0 12 5 1 2 14 )  (13 9 7 15 3 6 8 4 11 10 2 12 5 1 0 14 ) level: 2 F: 10 
 first node on open = (13 9 7 15 3 6 8 4 11 0 10 12 5 1 2 14 )  (13 9 7 15 3 6 8 4 11 10 0 12 5 1 2 14 ) level: 3 F: 11 
 first node on open = (13 9 7 15 3 6 0 4 11 10 8 12 5 1 2 14 )  (13 9 7 15 3 6 8 4 11 10 0 12 5 1 2 14 ) level: 3 F: 11 
 first node on open = (13 9 7 15 3 0 6 4 11 10 8 12 5 1 2 14 )  (13 9 7 15 3 6 0 4 11 10 8 12 5 1 2 14 ) level: 4 F: 12 
 first node on open = (13 9 0 15 3 6 7 4 11 10 8 12 5 1 2 14 )  (13 9 7 15 3 6 0 4 11 10 8 12 5 1 2 14 ) level: 4 F: 12 
 first node on open = (13 0 9 15 3 6 7 4 11 10 8 12 5 1 2 14 )  (13 9 0 15 3 6 7 4 11 10 8 12 5 1 2 14 ) level: 5 F: 11 
 first node on open = (0 13 9 15 3 6 7 4 11 10 8 12 5 1 2 14 )  (13 0 9 15 3 6 7 4 11 10 8 12 5 1 2 14 ) level: 6 F: 12 
 first node on open = (3 13 9 15 0 6 7 4 11 10 8 12 5 1 2 14 )  (0 13 9 15 3 6 7 4 11 10 8 12 5 1 2 14 ) level: 7 F: 11 
 first node on open = (3 13 9 15 11 6 7 4 0 10 8 12 5 1 2 14 )  (3 13 9 15 0 6 7 4 11 10 8 12 5 1 2 14 ) level: 8 F: 10 
 first node on open = (3 13 9 15 11 6 7 4 10 0 8 12 5 1 2 14 )  (3 13 9 15 11 6 7 4 0 10 8 12 5 1 2 14 ) level: 9 F: 9 

 Hooraay ! :) 
 length of closed = : 11 
 length of open = 14 

 # of Moves: 9 

 13 9 7 15 
 3 6 8 4 
 11 10 2 12 
 5 1 14 0 

 13 9 7 15 
 3 6 8 4 
 11 10 2 12 
 5 1 0 14 

 13 9 7 15 
 3 6 8 4 
 11 10 0 12 
 5 1 2 14 

 13 9 7 15 
 3 6 0 4 
 11 10 8 12 
 5 1 2 14 

 13 9 0 15 
 3 6 7 4 
 11 10 8 12 
 5 1 2 14 

 13 0 9 15 
 3 6 7 4 
 11 10 8 12 
 5 1 2 14 

 0 13 9 15 
 3 6 7 4 
 11 10 8 12 
 5 1 2 14 

 3 13 9 15 
 0 6 7 4 
 11 10 8 12 
 5 1 2 14 

 3 13 9 15 
 11 6 7 4 
 0 10 8 12 
 5 1 2 14 

 3 13 9 15 
 11 6 7 4 
 10 0 8 12 
 5 1 2 14 
 
Solution = [[13, 9, 7, 15, 3, 6, 8, 4|...], [13, 9, 7, 15, 3, 6, 8|...], [13, 9, 7, 15, 3, 6|...], [13, 9, 7, 15, 3|...], [13, 9, 0, 15|...], [13, 0, 9|...], [0, 13|...], [3|...], [...|...]|...].



--------------------------------------------------------------------------
--------------------------------------------------------------------------
--------------------------------------------------------------------------