## ###################################
##  This transcript is created by Ehsan Kourkchi
##  to test the code "ehsan20.HW06.A.BFS.15puzzle.pl"
##  To do the Assignment 6 ---  ICS361
##  Computer Science, University of Hawaii
##  December 2015
##  Email: ekourkchi@gmail.com
## ###################################



--------------------------------------------------------------------------
---- EASY ----  EASY ----  EASY ----  EASY ----  EASY ----  EASY ---- 
--------------------------------------------------------------------------

  13 | 9  |  7 | 15             13 |    |  9 | 15
   3 | 6  |  8 |  4    --->      3 |  6 |  7 |  4    (5 moves)(closed 69)(open 80)
  11 | 10 |  2 | 12             11 | 10 |  8 | 12
   5 |  1 | 14 |                 5 |  1 |  2 | 14

 ?- bfs([13, 9, 7, 15, 3, 6, 8, 4, 11, 10, 2, 12, 5, 1, 14, 0], [13, 0, 9, 15, 3, 6, 7, 4, 11, 10, 8, 12, 5, 1, 2, 14], Solution).


 first node on open = (13 9 7 15 3 6 8 4 11 10 2 12 5 1 14 0 ) NIL level: 0 
 first node on open = (13 9 7 15 3 6 8 4 11 10 2 0 5 1 14 12 )  (13 9 7 15 3 6 8 4 11 10 2 12 5 1 14 0 ) level: 1 
 first node on open = (13 9 7 15 3 6 8 4 11 10 2 12 5 1 0 14 )  (13 9 7 15 3 6 8 4 11 10 2 12 5 1 14 0 ) level: 1 
 first node on open = (13 9 7 15 3 6 8 0 11 10 2 4 5 1 14 12 )  (13 9 7 15 3 6 8 4 11 10 2 0 5 1 14 12 ) level: 2 
 first node on open = (13 9 7 15 3 6 8 4 11 10 0 2 5 1 14 12 )  (13 9 7 15 3 6 8 4 11 10 2 0 5 1 14 12 ) level: 2 
 first node on open = (13 9 7 15 3 6 8 4 11 10 0 12 5 1 2 14 )  (13 9 7 15 3 6 8 4 11 10 2 12 5 1 0 14 ) level: 2 
 first node on open = (13 9 7 15 3 6 8 4 11 10 2 12 5 0 1 14 )  (13 9 7 15 3 6 8 4 11 10 2 12 5 1 0 14 ) level: 2 
 first node on open = (13 9 7 0 3 6 8 15 11 10 2 4 5 1 14 12 )  (13 9 7 15 3 6 8 0 11 10 2 4 5 1 14 12 ) level: 3 
 first node on open = (13 9 7 15 3 6 0 8 11 10 2 4 5 1 14 12 )  (13 9 7 15 3 6 8 0 11 10 2 4 5 1 14 12 ) level: 3 
 first node on open = (13 9 7 15 3 6 8 4 11 10 14 2 5 1 0 12 )  (13 9 7 15 3 6 8 4 11 10 0 2 5 1 14 12 ) level: 3 
 first node on open = (13 9 7 15 3 6 0 4 11 10 8 2 5 1 14 12 )  (13 9 7 15 3 6 8 4 11 10 0 2 5 1 14 12 ) level: 3 
 first node on open = (13 9 7 15 3 6 8 4 11 0 10 2 5 1 14 12 )  (13 9 7 15 3 6 8 4 11 10 0 2 5 1 14 12 ) level: 3 
 first node on open = (13 9 7 15 3 6 0 4 11 10 8 12 5 1 2 14 )  (13 9 7 15 3 6 8 4 11 10 0 12 5 1 2 14 ) level: 3 
 first node on open = (13 9 7 15 3 6 8 4 11 10 12 0 5 1 2 14 )  (13 9 7 15 3 6 8 4 11 10 0 12 5 1 2 14 ) level: 3 
 ---
 first node on open = (13 0 7 15 3 9 8 4 11 6 10 2 5 1 14 12 )  (13 9 7 15 3 0 8 4 11 6 10 2 5 1 14 12 ) level: 5 
 first node on open = (13 9 7 15 3 8 0 4 11 6 10 2 5 1 14 12 )  (13 9 7 15 3 0 8 4 11 6 10 2 5 1 14 12 ) level: 5 
 first node on open = (13 9 7 15 0 3 8 4 11 6 10 2 5 1 14 12 )  (13 9 7 15 3 0 8 4 11 6 10 2 5 1 14 12 ) level: 5 
 first node on open = (13 9 7 15 3 6 8 4 5 11 10 2 0 1 14 12 )  (13 9 7 15 3 6 8 4 0 11 10 2 5 1 14 12 ) level: 5 
 first node on open = (13 9 7 15 0 6 8 4 3 11 10 2 5 1 14 12 )  (13 9 7 15 3 6 8 4 0 11 10 2 5 1 14 12 ) level: 5 
 first node on open = (13 9 15 0 3 6 7 4 11 10 8 12 5 1 2 14 )  (13 9 0 15 3 6 7 4 11 10 8 12 5 1 2 14 ) level: 5 
 first node on open = (13 0 9 15 3 6 7 4 11 10 8 12 5 1 2 14 )  (13 9 0 15 3 6 7 4 11 10 8 12 5 1 2 14 ) level: 5 

 Hooraay ! :) 
 # of Moves: 5 
 length of closed = : 69 
 length of open = 80 

 13 9 7 15 
 3 6 8 4 
 11 10 2 12 
 5 1 14 0 

 13 9 7 15 
 3 6 8 4 
 11 10 2 12 
 5 1 0 14 

 13 9 7 15 
 3 6 8 4 
 11 10 0 12 
 5 1 2 14 

 13 9 7 15 
 3 6 0 4 
 11 10 8 12 
 5 1 2 14 

 13 9 0 15 
 3 6 7 4 
 11 10 8 12 
 5 1 2 14 

 13 0 9 15 
 3 6 7 4 
 11 10 8 12 
 5 1 2 14 
 
Solution = [[13, 9, 7, 15, 3, 6, 8, 4|...], [13, 9, 7, 15, 3, 6, 8|...], [13, 9, 7, 15, 3, 6|...], [13, 9, 7, 15, 3|...], [13, 9, 0, 15|...], [13, 0, 9|...]].




--------------------------------------------------------------------------
---- HARD ----  HARD ---- HARD ---- HARD ---- HARD ---- HARD ---- HARD ---
--------------------------------------------------------------------------

  13 | 9  |  7 | 15              3 | 13 |  9 | 15
   3 | 6  |  8 |  4    --->     11 |  6 |  7 |  4    (9 moves)(closed 1412)(open 1573)
  11 | 10 |  2 | 12             10 |  * |  8 | 12
   5 |  1 | 14 |  *              5 |  1 |  2 | 14

 ?- bfs([13, 9, 7, 15, 3, 6, 8, 4, 11, 10, 2, 12, 5, 1, 14, 0], [3, 13, 9, 15, 11, 6, 7, 4, 10, 0, 8, 12, 5, 1, 2, 14], Solution).

 first node on open = (13 9 7 15 3 6 8 4 11 10 2 12 5 1 14 0 ) NIL level: 0 
 first node on open = (13 9 7 15 3 6 8 4 11 10 2 0 5 1 14 12 )  (13 9 7 15 3 6 8 4 11 10 2 12 5 1 14 0 ) level: 1 
 first node on open = (13 9 7 15 3 6 8 4 11 10 2 12 5 1 0 14 )  (13 9 7 15 3 6 8 4 11 10 2 12 5 1 14 0 ) level: 1 
 first node on open = (13 9 7 15 3 6 8 0 11 10 2 4 5 1 14 12 )  (13 9 7 15 3 6 8 4 11 10 2 0 5 1 14 12 ) level: 2 
 first node on open = (13 9 7 15 3 6 8 4 11 10 0 2 5 1 14 12 )  (13 9 7 15 3 6 8 4 11 10 2 0 5 1 14 12 ) level: 2 
 first node on open = (13 9 7 15 3 6 8 4 11 10 0 12 5 1 2 14 )  (13 9 7 15 3 6 8 4 11 10 2 12 5 1 0 14 ) level: 2 
 first node on open = (13 9 7 15 3 6 8 4 11 10 2 12 5 0 1 14 )  (13 9 7 15 3 6 8 4 11 10 2 12 5 1 0 14 ) level: 2 
 first node on open = (13 9 7 0 3 6 8 15 11 10 2 4 5 1 14 12 )  (13 9 7 15 3 6 8 0 11 10 2 4 5 1 14 12 ) level: 3 
 first node on open = (13 9 7 15 3 6 0 8 11 10 2 4 5 1 14 12 )  (13 9 7 15 3 6 8 0 11 10 2 4 5 1 14 12 ) level: 3 
 first node on open = (13 9 7 15 3 6 8 4 11 10 14 2 5 1 0 12 )  (13 9 7 15 3 6 8 4 11 10 0 2 5 1 14 12 ) level: 3 
 first node on open = (13 9 7 15 3 6 0 4 11 10 8 2 5 1 14 12 )  (13 9 7 15 3 6 8 4 11 10 0 2 5 1 14 12 ) level: 3 
 first node on open = (13 9 7 15 3 6 8 4 11 0 10 2 5 1 14 12 )  (13 9 7 15 3 6 8 4 11 10 0 2 5 1 14 12 ) level: 3 
 first node on open = (13 9 7 15 3 6 0 4 11 10 8 12 5 1 2 14 )  (13 9 7 15 3 6 8 4 11 10 0 12 5 1 2 14 ) level: 3 
 first node on open = (13 9 7 15 3 6 8 4 11 10 12 0 5 1 2 14 )  (13 9 7 15 3 6 8 4 11 10 0 12 5 1 2 14 ) level: 3 
 first node on open = (13 9 7 15 3 6 8 4 11 0 10 12 5 1 2 14 )  (13 9 7 15 3 6 8 4 11 10 0 12 5 1 2 14 ) level: 3 
 ---
 first node on open = (13 6 9 15 3 7 4 12 11 10 8 0 5 1 2 14 )  (13 6 9 15 3 7 4 0 11 10 8 12 5 1 2 14 ) level: 9 
 first node on open = (13 6 9 0 3 7 4 15 11 10 8 12 5 1 2 14 )  (13 6 9 15 3 7 4 0 11 10 8 12 5 1 2 14 ) level: 9 
 first node on open = (13 6 9 15 11 3 7 4 5 10 8 12 0 1 2 14 )  (13 6 9 15 11 3 7 4 0 10 8 12 5 1 2 14 ) level: 9 
 first node on open = (13 6 9 15 11 3 7 4 10 0 8 12 5 1 2 14 )  (13 6 9 15 11 3 7 4 0 10 8 12 5 1 2 14 ) level: 9 
 first node on open = (6 0 9 15 13 3 7 4 11 10 8 12 5 1 2 14 )  (0 6 9 15 13 3 7 4 11 10 8 12 5 1 2 14 ) level: 9 
 first node on open = (3 13 9 15 11 6 7 4 5 10 8 12 0 1 2 14 )  (3 13 9 15 11 6 7 4 0 10 8 12 5 1 2 14 ) level: 9 
 first node on open = (3 13 9 15 11 6 7 4 10 0 8 12 5 1 2 14 )  (3 13 9 15 11 6 7 4 0 10 8 12 5 1 2 14 ) level: 9 

 Hooraay ! :) 
 
 # of Moves: 9 
 length of closed = : 1412 
 length of open = 1573 

 13 9 7 15 
 3 6 8 4 
 11 10 2 12 
 5 1 14 0 

 13 9 7 15 
 3 6 8 4 
 11 10 2 12 
 5 1 0 14 

 13 9 7 15 
 3 6 8 4 
 11 10 0 12 
 5 1 2 14 

 13 9 7 15 
 3 6 0 4 
 11 10 8 12 
 5 1 2 14 

 13 9 0 15 
 3 6 7 4 
 11 10 8 12 
 5 1 2 14 

 13 0 9 15 
 3 6 7 4 
 11 10 8 12 
 5 1 2 14 

 0 13 9 15 
 3 6 7 4 
 11 10 8 12 
 5 1 2 14 

 3 13 9 15 
 0 6 7 4 
 11 10 8 12 
 5 1 2 14 

 3 13 9 15 
 11 6 7 4 
 0 10 8 12 
 5 1 2 14 

 3 13 9 15 
 11 6 7 4 
 10 0 8 12 
 5 1 2 14 
 
Solution = [[13, 9, 7, 15, 3, 6, 8, 4|...], [13, 9, 7, 15, 3, 6, 8|...], [13, 9, 7, 15, 3, 6|...], [13, 9, 7, 15, 3|...], [13, 9, 0, 15|...], [13, 0, 9|...], [0, 13|...], [3|...], [...|...]|...].


 
 

--------------------------------------------------------------------------
--------------------------------------------------------------------------
--------------------------------------------------------------------------